--- METRICS AND THRESHOLDS ---

Best Threshold (from F1-Max): 0.7831
Best Threshold (from Accuracy-Max): 2845.8949

--- FINAL SCORES (after pruning with F1-Max threshold) ---

Final F1 Score after pruning: 0.1376
Final Accuracy after pruning: 0.9762
Final AUROC after pruning: 0.6159
--- EDGE ANALYSIS ---

Number of edges in ground truth (labels): 42.0
Number of correctly predicted edges (True Positives): 13
Number of correct non-edges (True Negatives): 1588
Number of incorrectly predicted edges (False Positives): 134
Number of correct edges not predicted (False Negatives): 29

--- ORDER ANALYSIS---

Predicted Causal Order: [15, 38, 14, 12, 6, 36, 37, 39, 23, 22, 24, 7, 19, 13, 11, 5, 29, 35, 2, 9, 30, 16, 4, 28, 33, 8, 32, 3, 40, 34, 1, 10, 0, 41, 27, 18, 25, 20, 26, 31, 17, 21]
True Causal Order: [5, 3, 29, 14, 15, 22, 38, 1, 2, 9, 19, 31, 0, 12, 17, 23, 30, 27, 26, 28, 34, 37, 41, 4, 10, 11, 13, 16, 18, 21, 25, 33, 36, 40, 20, 24, 32, 39, 8, 35, 7, 6]
Number of wrongly ordered cause-effect pairs: 16

==================================================

--- SUMMARY MATRIX ---
(Represents the max causal effect across all lags after pruning)

[[0 1 0 ... 0 0 0]
 [0 0 0 ... 0 0 0]
 [0 0 0 ... 0 0 0]
 ...
 [0 0 0 ... 0 0 0]
 [0 0 1 ... 0 0 0]
 [0 0 0 ... 0 0 0]]

==================================================

--- EFFECT SUMMARY MATRIX ---
(Represents the max causal effect across all lags before pruning)

0.000000,0.952928,0.000000,0.051217,0.030170,0.166439,0.000000,0.000674,0.001038,0.000599,0.176600,0.518493,0.195430,0.000000,1.683293,0.140601,0.028312,0.000000,0.000000,0.058195,0.000000,0.000000,0.633120,0.061412,0.000000,0.000000,0.000000,0.000000,0.165758,0.061169,0.060145,0.000000,0.104869,0.217374,0.418054,0.005069,0.000000,0.032022,0.463927,0.000000,0.147591,0.000000
0.000000,0.000000,0.078473,0.114454,0.043780,0.033285,0.000167,0.000229,0.000000,0.000112,0.000000,0.467663,0.000000,0.022939,0.372383,0.076447,0.017303,0.000000,0.000000,0.023553,0.000000,0.000000,0.119339,0.067206,0.000000,0.000000,0.000000,0.000000,0.017013,0.011348,0.029036,0.000000,0.013720,0.000000,0.081479,0.003268,0.007258,0.030885,0.085295,0.006217,0.014789,0.000000
0.000000,0.000000,0.000000,0.000000,0.000000,0.010685,0.000016,0.000043,0.000000,0.000000,0.000000,0.099501,0.168474,0.000000,0.293085,0.012928,0.000000,0.000000,0.000000,0.038245,0.000000,0.000000,0.116896,0.030633,0.000557,0.000000,0.000000,0.000000,0.000000,0.009815,0.000000,0.000000,0.000000,0.000000,0.000000,0.000000,0.011734,0.054266,0.034575,0.011394,0.000000,0.000000
0.000000,0.000000,0.000000,0.000000,0.053616,0.092287,0.000466,0.000746,0.000654,0.000344,0.000000,2.054100,0.335371,0.088808,1.387182,0.028288,0.050909,0.000000,0.000000,0.032870,0.000000,0.000000,0.340391,0.015369,0.000000,0.000000,0.000000,0.000000,0.000000,0.023587,0.083815,0.000000,0.062860,0.065965,0.000000,0.006071,0.016318,0.087713,0.000000,0.012399,0.000000,0.000000
0.000000,0.000000,0.600360,0.000000,0.000000,0.884438,0.000629,0.000802,0.000000,0.000253,0.000000,1.447110,1.153141,0.187649,1.400314,0.238610,0.070156,0.000000,0.000000,0.081418,0.000000,0.000000,0.000000,0.000000,0.000000,0.000000,0.000000,0.000000,0.000000,0.328768,0.000000,0.000000,0.000000,0.000000,0.000000,0.006951,0.000000,0.050798,0.026943,0.000000,0.000000,0.000000
0.000000,0.000000,0.000000,0.000000,0.000000,0.000000,0.000946,0.000582,0.000000,0.000000,0.000000,4.101600,1.322310,0.452956,4.898126,0.218192,0.000000,0.000000,0.000000,0.082301,0.000000,0.000000,1.954380,0.147358,0.016924,0.000000,0.000000,0.000000,0.000000,0.000000,0.000000,0.000000,0.000000,0.000000,0.000000,0.000000,0.000000,0.000000,0.265012,0.000000,0.000000,0.000000
0.000000,0.000000,0.000000,0.000000,0.000000,0.000000,0.000000,0.000000,0.000000,0.000000,0.000000,0.000000,2845.894946,0.000000,0.000000,214.136651,0.000000,0.000000,0.000000,0.000000,0.000000,0.000000,0.000000,0.000000,0.000000,0.000000,0.000000,0.000000,0.000000,0.000000,0.000000,0.000000,0.000000,0.000000,0.000000,0.000000,0.000000,0.000000,471.778486,0.000000,0.000000,0.000000
0.000000,0.000000,0.000000,0.000000,0.000000,0.000000,0.882190,0.000000,0.000000,0.000000,0.000000,0.000000,118.776477,0.000000,920.399649,57.231199,0.000000,0.000000,0.000000,0.000000,0.000000,0.000000,130.314610,0.000000,21.973932,0.000000,0.000000,0.000000,0.000000,0.000000,0.000000,0.000000,0.000000,0.000000,0.000000,0.000000,12.181138,0.000000,24.616467,27.055116,0.000000,0.000000
0.000000,0.000000,100.786246,0.000000,21.882851,37.027868,0.209283,0.828755,0.000000,0.389053,0.000000,112.225146,29.888156,0.000000,167.973181,7.053068,6.697918,0.000000,0.000000,0.000000,0.000000,0.000000,0.000000,0.000000,2.961064,0.000000,0.000000,0.000000,61.920321,4.308103,17.163549,0.000000,0.000000,55.151990,0.000000,0.565155,1.436310,11.893709,50.256533,1.721715,0.000000,0.000000
0.000000,0.000000,142.150855,0.000000,0.000000,8.585016,0.796574,1.541422,0.000000,0.000000,0.000000,794.240980,0.000000,68.736258,946.278450,31.887701,0.000000,0.000000,0.000000,62.690520,0.000000,0.000000,159.173320,36.331973,11.380588,0.000000,0.000000,0.000000,0.000000,0.000000,0.000000,0.000000,0.000000,0.000000,0.000000,5.463030,5.964445,15.899544,59.499809,28.601683,0.000000,0.000000
0.000000,2.288888,0.000000,0.994542,0.152005,0.518578,0.000339,0.000000,0.000000,0.000109,0.000000,6.572908,0.843801,0.470801,0.000000,0.203812,0.091190,0.000000,0.000000,0.000000,0.000000,0.000000,3.764693,0.167932,0.000000,0.000000,0.000000,0.000000,0.641202,0.658511,0.230797,0.000000,0.000000,0.620791,0.992501,0.013875,0.049127,0.000000,0.000000,0.165488,0.414798,0.000000
0.000000,0.000000,0.000000,0.000000,0.000000,0.000000,0.000040,0.000014,0.000000,0.000000,0.000000,0.000000,0.033184,0.046163,0.108448,0.004110,0.000000,0.000000,0.000000,0.008511,0.000000,0.000000,0.036713,0.007044,0.000912,0.000000,0.000000,0.000000,0.000000,0.000000,0.000000,0.000000,0.000000,0.000000,0.000000,0.000000,0.001805,0.000000,0.014311,0.001296,0.000000,0.000000
0.000000,0.000000,0.000000,0.000000,0.000000,0.000000,0.000000,0.000000,0.000000,0.000000,0.000000,0.000000,0.000000,0.000000,0.628700,0.041110,0.000000,0.000000,0.000000,0.000000,0.000000,0.000000,0.000000,0.000000,0.000000,0.000000,0.000000,0.000000,0.000000,0.000000,0.000000,0.000000,0.000000,0.000000,0.000000,0.000000,0.000000,0.000000,0.014314,0.000000,0.000000,0.000000
0.000000,0.000000,0.000000,0.000000,0.000000,0.000000,0.000354,0.000513,0.000000,0.000000,0.000000,0.000000,0.360485,0.000000,4.169896,0.342627,0.000000,0.000000,0.000000,0.141639,0.000000,0.000000,0.801164,0.128051,0.000000,0.000000,0.000000,0.000000,0.000000,0.000000,0.000000,0.000000,0.000000,0.000000,0.000000,0.000000,0.031271,0.046888,0.402430,0.000000,0.000000,0.000000
0.000000,0.000000,0.000000,0.000000,0.000000,0.000000,0.000000,0.000000,0.000000,0.000000,0.000000,0.000000,0.000000,0.000000,0.000000,0.016646,0.000000,0.000000,0.000000,0.000000,0.000000,0.000000,0.000000,0.000000,0.000000,0.000000,0.000000,0.000000,0.000000,0.000000,0.000000,0.000000,0.000000,0.000000,0.000000,0.000000,0.000000,0.000000,0.024903,0.000000,0.000000,0.000000
0.000000,0.000000,0.000000,0.000000,0.000000,0.000000,0.000000,0.000000,0.000000,0.000000,0.000000,0.000000,0.000000,0.000000,0.000000,0.000000,0.000000,0.000000,0.000000,0.000000,0.000000,0.000000,0.000000,0.000000,0.000000,0.000000,0.000000,0.000000,0.000000,0.000000,0.000000,0.000000,0.000000,0.000000,0.000000,0.000000,0.000000,0.000000,0.000000,0.000000,0.000000,0.000000
0.000000,0.000000,0.542211,0.000000,0.000000,0.061782,0.000103,0.000000,0.000000,0.000118,0.000000,0.000000,0.000000,0.000000,0.000000,0.115856,0.000000,0.000000,0.000000,0.117363,0.000000,0.000000,0.536487,0.071815,0.000000,0.000000,0.000000,0.000000,0.000000,0.075172,0.272685,0.000000,0.000000,0.000000,0.000000,0.000000,0.061617,0.085238,0.302621,0.058587,0.000000,0.000000
0.218108,0.110790,0.323002,0.000000,0.100790,0.062761,0.000362,0.000391,0.000000,0.000135,0.000000,0.000000,0.769286,0.047803,0.770217,0.103254,0.167795,0.000000,0.018347,0.064117,0.023721,0.000000,0.446650,0.077846,0.010159,0.037553,0.040341,0.214571,0.208666,0.042556,0.170560,0.000000,0.198411,0.298978,0.241187,0.017586,0.051865,0.054002,0.000000,0.105855,0.000000,0.000000
0.534415,0.321909,1.443133,0.000000,0.088357,0.314757,0.000000,0.000134,0.000000,0.000238,0.324432,0.670437,1.392921,0.000000,1.192116,0.000000,0.206630,0.000000,0.000000,0.110783,0.000000,0.000000,1.275307,0.783075,0.041342,0.000000,0.000000,0.000000,0.554914,0.000000,1.265961,0.000000,0.371361,0.737539,0.000000,0.000000,0.109584,0.616564,0.000000,0.034595,0.000000,0.560664
0.000000,0.000000,0.000000,0.000000,0.000000,0.000000,0.000000,0.000464,0.000000,0.000000,0.000000,0.000000,3.626877,0.000000,0.000000,0.000000,0.000000,0.000000,0.000000,0.000000,0.000000,0.000000,0.000000,0.227534,0.000000,0.000000,0.000000,0.000000,0.000000,0.000000,0.000000,0.000000,0.000000,0.000000,0.000000,0.000000,0.231728,0.255170,0.358431,0.377470,0.000000,0.000000
0.349212,0.000000,2.722878,1.060374,0.000000,0.211193,0.002084,0.003343,0.001547,0.001129,0.577041,4.465019,2.483802,0.232224,0.000000,0.000000,0.631884,0.000000,0.145962,0.100686,0.000000,0.000000,4.642753,0.444281,0.087767,0.494319,0.000000,0.431420,1.790452,0.280405,0.000000,0.000000,0.795060,0.766959,1.852198,0.034668,0.266997,0.000000,1.211920,0.150420,2.398855,2.777410
0.727795,0.971179,0.842018,0.693499,0.063094,0.092661,0.000000,0.000464,0.000427,0.000000,0.052641,0.538469,0.690781,0.000000,0.000000,0.087400,0.109913,0.000000,0.000000,0.237897,0.017777,0.000000,0.757360,0.000000,0.024156,0.000000,0.059467,0.390849,0.000000,0.057845,0.336959,0.528003,0.054236,0.000000,0.384293,0.010734,0.040402,0.000000,0.071234,0.092932,0.094700,1.043099
0.000000,0.000000,0.000000,0.000000,0.000000,0.000000,0.000009,0.000000,0.000000,0.000000,0.000000,0.000000,0.075542,0.000000,0.710853,0.019829,0.000000,0.000000,0.000000,0.000000,0.000000,0.000000,0.000000,0.008229,0.000000,0.000000,0.000000,0.000000,0.000000,0.000000,0.000000,0.000000,0.000000,0.000000,0.000000,0.000000,0.005247,0.000000,0.123889,0.016851,0.000000,0.000000
0.000000,0.000000,0.000000,0.000000,0.000000,0.000000,0.000043,0.000000,0.000000,0.000000,0.000000,0.000000,0.000000,0.000000,5.703820,0.232769,0.000000,0.000000,0.000000,0.000000,0.000000,0.000000,0.000000,0.000000,0.000000,0.000000,0.000000,0.000000,0.000000,0.000000,0.000000,0.000000,0.000000,0.000000,0.000000,0.000000,0.000000,0.369823,0.763653,0.000000,0.000000,0.000000
0.000000,0.000000,0.000000,0.000000,0.000000,0.000000,0.002751,0.000000,0.000000,0.000000,0.000000,0.000000,8.505302,0.000000,32.229788,3.493824,0.000000,0.000000,0.000000,0.000000,0.000000,0.000000,2.658976,1.927230,0.000000,0.000000,0.000000,0.000000,0.000000,0.000000,0.000000,0.000000,0.000000,0.000000,0.000000,0.000000,0.198161,0.545716,2.806119,1.458349,0.000000,0.000000
0.394365,1.107416,1.991379,0.549867,0.178091,0.408245,0.000000,0.000892,0.000000,0.000907,0.000000,4.788077,0.601802,0.271911,3.893588,0.640506,0.396884,0.000000,0.231315,0.506984,0.000000,0.000000,1.266910,0.288616,0.045420,0.000000,0.000000,0.471077,0.375957,0.292850,0.124817,0.000000,0.363727,0.000000,0.695617,0.000000,0.276750,0.117694,0.402501,0.173024,1.203688,0.261536
0.215582,0.270618,0.000000,0.134546,0.041865,0.074128,0.001124,0.001494,0.001724,0.000767,0.000000,0.210210,0.771950,0.018082,1.295555,0.066457,0.069861,0.000000,0.057315,0.092180,0.013028,0.000000,0.463986,0.097426,0.004659,0.733778,0.000000,0.091109,0.057748,0.059919,0.053211,0.000000,0.071622,0.000000,0.267821,0.000000,0.000000,0.180270,0.129490,0.040748,0.023001,0.053297
0.037089,0.942680,0.384840,0.287209,0.000000,0.081901,0.000295,0.000779,0.000997,0.000389,0.030479,0.000000,0.335191,0.062010,1.008617,0.000000,0.035861,0.000000,0.000000,0.142385,0.000000,0.000000,0.388446,0.100085,0.003480,0.000000,0.000000,0.000000,0.319610,0.025972,0.029708,0.000000,0.101469,0.233692,0.248001,0.000000,0.009750,0.000000,0.240697,0.044300,0.170935,0.569490
0.000000,0.000000,0.000000,0.000000,0.000000,0.087840,0.002136,0.002455,0.000000,0.000439,0.000000,1.005795,0.000000,0.000000,0.994541,0.057638,0.162879,0.000000,0.000000,0.082630,0.000000,0.000000,0.000000,0.119846,0.000000,0.000000,0.000000,0.000000,0.000000,0.243434,0.000000,0.000000,0.000000,0.000000,0.000000,0.006528,0.055689,0.000000,0.419937,0.000000,0.000000,0.000000
0.000000,0.000000,0.000000,0.000000,0.000000,0.000000,0.000525,0.000701,0.000000,0.000000,0.000000,4.094055,0.000000,0.313825,0.000000,0.349678,0.000000,0.000000,0.000000,0.086886,0.000000,0.000000,0.000000,0.045833,0.000000,0.000000,0.000000,0.000000,0.000000,0.000000,0.000000,0.000000,0.000000,0.000000,0.000000,0.000000,0.038434,0.000000,0.099400,0.059718,0.000000,0.000000
0.000000,0.000000,3.122339,0.000000,0.000000,0.047754,0.000299,0.000970,0.000000,0.000527,0.000000,3.479425,0.363627,0.391025,0.588522,0.000000,0.000000,0.000000,0.000000,0.174498,0.000000,0.000000,0.698334,0.183733,0.012176,0.000000,0.000000,0.000000,0.000000,0.074076,0.000000,0.000000,0.000000,0.000000,0.000000,0.000000,0.047896,0.138409,0.653809,0.000000,0.000000,0.000000
0.117787,0.088018,0.428533,0.000000,0.000000,0.078025,0.000108,0.000387,0.000000,0.000240,0.000000,1.687191,0.393014,0.124466,1.267955,0.089011,0.106211,0.000000,0.089271,0.072563,0.022269,0.000000,0.000000,0.000000,0.007350,0.041349,0.000000,0.556472,0.065673,0.037932,0.063017,0.000000,0.213535,0.142441,0.443129,0.008558,0.006972,0.026736,0.087864,0.062173,0.298309,0.373808
0.000000,0.000000,0.669522,0.000000,0.066022,0.124426,0.000438,0.000497,0.000381,0.000503,0.000000,0.000000,0.156432,0.047009,3.128229,0.184318,0.118452,0.000000,0.000000,0.023568,0.000000,0.000000,1.274745,0.080485,0.011990,0.000000,0.000000,0.000000,0.342222,0.052987,0.114766,0.000000,0.000000,1.129495,0.000000,0.013134,0.003949,0.089174,0.233211,0.037548,0.000000,0.000000
0.000000,0.000000,2.682127,0.000000,0.088595,0.058366,0.000254,0.000198,0.000000,0.000000,0.000000,0.284320,0.355117,0.000000,2.489508,0.559789,0.058826,0.000000,0.000000,0.042601,0.000000,0.000000,0.573828,0.000000,0.021604,0.000000,0.000000,0.000000,1.082696,0.029774,0.000000,0.000000,0.000000,0.000000,0.000000,0.000000,0.016146,0.059015,0.203040,0.026616,0.000000,0.000000
0.000000,0.000000,0.084157,0.000000,0.065332,0.148904,0.000317,0.000260,0.000000,0.000000,0.000000,0.344396,0.141995,0.000000,0.943546,0.284690,0.022413,0.000000,0.000000,0.081862,0.000000,0.000000,0.201145,0.081951,0.003684,0.000000,0.000000,0.000000,0.448232,0.033678,0.033574,0.000000,0.000000,0.405955,0.000000,0.002858,0.013723,0.051405,0.042765,0.000000,0.021475,0.000000
0.000000,0.000000,0.000000,0.000000,0.000000,0.915529,0.006868,0.008576,0.000000,0.000000,0.000000,5.970480,8.274876,0.000000,6.905478,1.320311,0.000000,0.000000,0.000000,0.323558,0.000000,0.000000,14.718703,0.374663,1.884410,0.000000,0.000000,0.000000,0.000000,0.912870,0.000000,0.000000,0.000000,0.000000,0.000000,0.000000,0.350082,0.741818,4.181789,2.535237,0.000000,0.000000
0.000000,0.000000,0.000000,0.000000,0.000000,0.000000,0.001073,0.000000,0.000000,0.000000,0.000000,0.000000,10.288766,0.000000,28.220046,5.265151,0.000000,0.000000,0.000000,0.000000,0.000000,0.000000,0.000000,0.000000,0.000000,0.000000,0.000000,0.000000,0.000000,0.000000,0.000000,0.000000,0.000000,0.000000,0.000000,0.000000,0.000000,0.000000,1.311273,0.000000,0.000000,0.000000
0.000000,0.000000,0.000000,0.000000,0.000000,0.000000,0.000079,0.000000,0.000000,0.000000,0.000000,0.000000,0.000000,0.000000,0.000000,1.449818,0.000000,0.000000,0.000000,0.000000,0.000000,0.000000,0.000000,0.000000,0.000000,0.000000,0.000000,0.000000,0.000000,0.000000,0.000000,0.000000,0.000000,0.000000,0.000000,0.000000,0.236658,0.000000,1.245290,0.000000,0.000000,0.000000
0.000000,0.000000,0.000000,0.000000,0.000000,0.000000,0.000000,0.000000,0.000000,0.000000,0.000000,0.000000,0.000000,0.000000,0.000000,0.472829,0.000000,0.000000,0.000000,0.000000,0.000000,0.000000,0.000000,0.000000,0.000000,0.000000,0.000000,0.000000,0.000000,0.000000,0.000000,0.000000,0.000000,0.000000,0.000000,0.000000,0.000000,0.000000,0.000000,0.000000,0.000000,0.000000
0.000000,0.000000,0.000000,0.000000,0.000000,0.000000,0.001141,0.000000,0.000000,0.000000,0.000000,0.000000,1.525545,0.000000,4.512029,0.190164,0.000000,0.000000,0.000000,0.000000,0.000000,0.000000,0.000000,0.000000,0.000000,0.000000,0.000000,0.000000,0.000000,0.000000,0.000000,0.000000,0.000000,0.000000,0.000000,0.000000,0.265445,0.150803,0.545284,0.000000,0.000000,0.000000
0.000000,0.000000,4.022095,3.764240,0.654230,0.000000,0.003104,0.004820,0.001574,0.001357,0.000000,3.387322,1.275619,0.270945,13.523635,0.291747,0.719293,0.000000,0.000000,0.450388,0.000000,0.000000,6.106697,0.122839,0.057572,0.000000,0.000000,0.000000,1.665540,0.368411,0.604021,0.000000,0.243607,1.542209,0.000000,0.049705,0.021606,0.333824,2.029260,0.233434,0.000000,0.000000
0.069102,0.775586,0.452755,0.306691,0.000000,0.010176,0.000336,0.001078,0.001207,0.000320,0.061552,0.797577,0.725682,0.047510,0.854200,0.186067,0.069250,0.000000,0.000000,0.015683,0.000000,0.000000,0.000000,0.081028,0.000000,0.000000,0.000000,0.000000,0.300915,0.055675,0.197186,0.000000,0.141934,0.126812,0.091605,0.004331,0.006613,0.029878,0.407366,0.000000,0.264486,0.000000
