--- METRICS AND THRESHOLDS ---

Best Threshold (from F1-Max): 0.0000
Best Threshold (from Accuracy-Max): 562.2698

--- FINAL SCORES (after pruning with F1-Max threshold) ---

Final F1 Score after pruning: 0.1730
Final Accuracy after pruning: 0.9053
Final AUROC after pruning: 0.5074
--- EDGE ANALYSIS ---

Number of edges in ground truth (labels): 16.0
Number of correctly predicted edges (True Positives): 4
Number of correct non-edges (True Negatives): 117
Number of incorrectly predicted edges (False Positives): 36
Number of correct edges not predicted (False Negatives): 12

--- ORDER ANALYSIS---

Predicted Causal Order: [6, 9, 8, 3, 1, 4, 0, 5, 11, 10, 12, 7, 2]
True Causal Order: [12, 10, 4, 2, 0, 3, 1, 11, 9, 7, 5, 8, 6]
Number of wrongly ordered cause-effect pairs: 8

==================================================

--- SUMMARY MATRIX ---
(Represents the max causal effect across all lags after pruning)

[[0 0 0 1 0 0 1 0 0 0 0 0 0]
 [0 0 0 1 0 0 1 0 1 0 0 0 0]
 [1 1 0 1 1 0 1 1 1 0 0 1 1]
 [0 0 0 0 0 0 0 0 1 0 0 0 0]
 [0 1 0 0 0 0 1 0 0 0 0 0 0]
 [1 0 0 0 0 0 0 0 0 0 0 0 0]
 [0 0 0 0 0 0 0 0 0 0 0 0 0]
 [1 1 0 1 0 1 1 0 1 1 0 0 1]
 [0 0 0 0 0 0 1 0 0 1 0 0 0]
 [0 0 0 0 0 0 1 0 0 0 0 0 0]
 [0 0 0 1 0 0 0 0 0 0 0 1 0]
 [0 0 0 1 0 0 1 0 0 0 0 0 0]
 [0 1 0 1 0 0 1 0 1 1 1 1 0]]

==================================================

--- EFFECT SUMMARY MATRIX ---
(Represents the max causal effect across all lags before pruning)

0.000000,0.000000,0.000000,0.002845,0.000000,0.000000,0.001492,0.000000,0.000000,0.000000,0.000000,0.000000,0.000000
0.000000,0.000000,0.000000,0.297632,0.000000,0.000000,0.076907,0.000000,0.056512,0.000000,0.000000,0.000000,0.000000
6.935195,0.311155,0.000000,0.065699,0.000194,0.000000,0.115350,0.202392,0.061689,0.000000,0.000000,0.026970,0.040167
0.000000,0.000000,0.000000,0.000000,0.000000,0.000000,0.000000,0.000000,0.508311,0.000000,0.000000,0.000000,0.000000
0.000000,562.269772,0.000000,0.000000,0.000000,0.000000,23.792449,0.000000,0.000000,0.000000,0.000000,0.000000,0.000000
0.813935,0.000000,0.000000,0.000000,0.000000,0.000000,0.000000,0.000000,0.000000,0.000000,0.000000,0.000000,0.000000
0.000000,0.000000,0.000000,0.000000,0.000000,0.000000,0.000000,0.000000,0.000000,0.000000,0.000000,0.000000,0.000000
5.661076,0.142360,0.000000,0.060628,0.000000,1.780848,0.110930,0.000000,0.116868,0.000128,0.000000,0.000000,0.040667
0.000000,0.000000,0.000000,0.000000,0.000000,0.000000,1.854211,0.000000,0.000000,0.000481,0.000000,0.000000,0.000000
0.000000,0.000000,0.000000,0.000000,0.000000,0.000000,305.961286,0.000000,0.000000,0.000000,0.000000,0.000000,0.000000
0.000000,0.000000,0.000000,0.018646,0.000000,0.000000,0.000000,0.000000,0.000000,0.000000,0.000000,0.012587,0.000000
0.000000,0.000000,0.000000,0.072517,0.000000,0.000000,0.249917,0.000000,0.000000,0.000000,0.000000,0.000000,0.000000
0.000000,0.483477,0.000000,0.152500,0.000000,0.000000,0.322196,0.000000,0.441534,0.000475,1.196571,1.207111,0.000000
