--- METRICS AND THRESHOLDS ---

Best Lags: 1
Best Threshold (from F1-Max): 17.9778
Best Threshold (from Accuracy-Max): 594.2759

--- FINAL SCORES (after pruning with F1-Max threshold) ---

Final F1 Score after pruning: 0.1558
Final Accuracy after pruning: 0.9762
Final AUROC after pruning: 0.5630
--- EDGE ANALYSIS ---

Number of edges in ground truth (labels): 42.0
Number of correctly predicted edges (True Positives): 6
Number of correct non-edges (True Negatives): 1693
Number of incorrectly predicted edges (False Positives): 29
Number of correct edges not predicted (False Negatives): 36

--- ORDER ANALYSIS---

Predicted Causal Order: [15, 38, 14, 12, 6, 36, 37, 39, 22, 16, 23, 24, 13, 11, 5, 30, 19, 29, 2, 28, 7, 4, 33, 8, 9, 3, 40, 10, 34, 0, 1, 41, 18, 27, 25, 20, 26, 17, 35, 31, 21, 32]
True Causal Order: [5, 3, 29, 14, 15, 22, 38, 1, 2, 9, 19, 31, 0, 12, 17, 23, 30, 27, 26, 28, 34, 37, 41, 4, 10, 11, 13, 16, 18, 21, 25, 33, 36, 40, 20, 24, 32, 39, 8, 35, 7, 6]
Number of wrongly ordered cause-effect pairs: 16

==================================================

--- SUMMARY MATRIX ---
(Represents the max causal effect across all lags after pruning)

[[0 0 0 ... 0 0 0]
 [0 0 0 ... 0 0 0]
 [0 0 0 ... 0 0 0]
 ...
 [0 0 0 ... 0 0 0]
 [0 0 0 ... 0 0 0]
 [0 0 0 ... 0 0 0]]

==================================================

--- EFFECT SUMMARY MATRIX ---
(Represents the max causal effect across all lags before pruning)

0.000000,0.000000,0.000000,0.000000,0.000000,0.172491,0.000231,0.001024,0.001176,0.000597,0.205622,0.402466,0.261480,0.038392,1.580187,0.207763,0.074106,0.000000,0.000000,0.041084,0.000000,0.000000,0.792497,0.111288,0.010943,0.000000,0.000000,0.000000,0.152094,0.082992,0.064324,0.000000,0.000000,0.115058,0.447415,0.000000,0.015084,0.027076,0.419100,0.021435,0.149930,0.000000
0.064464,0.000000,0.121926,0.141475,0.059526,0.034888,0.000219,0.000261,0.000000,0.000106,0.015797,0.195183,0.065189,0.014746,0.295372,0.046074,0.000000,0.000000,0.000000,0.027314,0.000000,0.000000,0.048159,0.050961,0.005413,0.000000,0.000000,0.000000,0.061285,0.031668,0.024621,0.000000,0.000000,0.046949,0.020938,0.000000,0.007738,0.020925,0.089050,0.004335,0.011605,0.000000
0.000000,0.000000,0.000000,0.000000,0.000000,0.008596,0.000036,0.000000,0.000000,0.000000,0.000000,0.400992,0.099687,0.034216,0.141709,0.006960,0.018030,0.000000,0.000000,0.046809,0.000000,0.000000,0.000000,0.007439,0.000000,0.000000,0.000000,0.000000,0.000000,0.011241,0.071116,0.000000,0.000000,0.000000,0.000000,0.000000,0.004246,0.028631,0.064687,0.005739,0.000000,0.000000
0.000000,0.000000,0.000000,0.000000,0.054178,0.101339,0.000437,0.000696,0.000601,0.000294,0.000000,2.148578,0.403301,0.093898,1.368270,0.033817,0.049626,0.000000,0.000000,0.029390,0.000000,0.000000,0.424679,0.011882,0.009975,0.000000,0.000000,0.000000,0.000000,0.020663,0.089235,0.000000,0.000000,0.000000,0.000000,0.000000,0.016532,0.076675,0.000000,0.000000,0.000000,0.000000
0.000000,0.000000,0.686334,0.000000,0.000000,0.886761,0.000477,0.000465,0.000000,0.000000,0.000000,1.588409,1.145239,0.191270,1.512263,0.251278,0.058846,0.000000,0.000000,0.066418,0.000000,0.000000,0.000000,0.000000,0.009877,0.000000,0.000000,0.000000,0.000000,0.327579,0.000000,0.000000,0.000000,0.000000,0.000000,0.000000,0.000000,0.053475,0.000000,0.000000,0.000000,0.000000
0.000000,0.000000,0.000000,0.000000,0.000000,0.000000,0.000403,0.000000,0.000000,0.000000,0.000000,3.113112,1.271517,0.427779,4.482418,0.162816,0.238355,0.000000,0.000000,0.000000,0.000000,0.000000,1.814449,0.133825,0.000000,0.000000,0.000000,0.000000,0.000000,0.000000,0.000000,0.000000,0.000000,0.000000,0.000000,0.000000,0.044530,0.026317,0.204009,0.053106,0.000000,0.000000
0.000000,0.000000,0.000000,0.000000,0.000000,0.000000,0.000000,0.000000,0.000000,0.000000,0.000000,0.000000,2971.379599,0.000000,0.000000,213.733769,0.000000,0.000000,0.000000,0.000000,0.000000,0.000000,0.000000,0.000000,0.000000,0.000000,0.000000,0.000000,0.000000,0.000000,0.000000,0.000000,0.000000,0.000000,0.000000,0.000000,0.000000,0.000000,472.158585,0.000000,0.000000,0.000000
0.000000,0.000000,200.117689,0.000000,0.000000,43.040086,0.915111,0.000000,0.000000,0.000000,0.000000,358.402648,147.708414,0.000000,774.642902,48.299968,68.453691,0.000000,0.000000,0.000000,0.000000,0.000000,170.849407,14.422879,18.320092,0.000000,0.000000,0.000000,106.496587,58.804900,24.318519,0.000000,0.000000,0.000000,0.000000,0.000000,10.547680,12.242289,70.702788,15.947893,0.000000,0.000000
0.000000,0.000000,0.000000,0.000000,0.000000,11.600340,0.553914,1.480334,0.000000,0.000000,0.000000,207.228107,44.051396,0.000000,0.000000,18.717839,0.000000,0.000000,0.000000,17.977786,0.000000,0.000000,0.000000,10.404681,5.393809,0.000000,0.000000,0.000000,76.738995,11.927620,48.600173,0.000000,0.000000,56.286565,0.000000,0.000000,0.000000,3.849068,91.680058,19.617109,0.000000,0.000000
0.000000,0.000000,223.905827,0.000000,55.685157,85.632198,0.000000,0.726814,1.627797,0.000000,0.000000,0.000000,0.000000,0.000000,575.250138,13.420399,17.021166,0.000000,0.000000,11.153878,0.000000,0.000000,0.000000,0.000000,10.190095,0.000000,0.000000,0.000000,77.012306,0.000000,10.333470,0.000000,0.000000,81.497952,0.000000,0.000000,0.000000,29.151500,42.632556,7.124468,0.000000,0.000000
0.000000,0.000000,0.000000,0.755950,0.000000,0.738735,0.000368,0.000000,0.000443,0.000632,0.000000,4.488686,0.958386,0.394370,0.000000,0.000000,0.000000,0.000000,0.000000,0.113825,0.000000,0.000000,3.556826,0.446169,0.016598,0.000000,0.000000,0.000000,1.096336,0.608980,0.228073,0.000000,0.000000,1.025469,0.000000,0.000000,0.000000,0.000000,0.186190,0.141979,0.488071,0.000000
0.000000,0.000000,0.000000,0.000000,0.000000,0.000000,0.000027,0.000000,0.000000,0.000000,0.000000,0.000000,0.040205,0.045710,0.149243,0.011084,0.022682,0.000000,0.000000,0.000000,0.000000,0.000000,0.064104,0.009765,0.001361,0.000000,0.000000,0.000000,0.000000,0.000000,0.000000,0.000000,0.000000,0.000000,0.000000,0.000000,0.001614,0.003570,0.024609,0.004169,0.000000,0.000000
0.000000,0.000000,0.000000,0.000000,0.000000,0.000000,0.000000,0.000000,0.000000,0.000000,0.000000,0.000000,0.000000,0.000000,0.608060,0.042484,0.000000,0.000000,0.000000,0.000000,0.000000,0.000000,0.000000,0.000000,0.000000,0.000000,0.000000,0.000000,0.000000,0.000000,0.000000,0.000000,0.000000,0.000000,0.000000,0.000000,0.000000,0.000000,0.014621,0.000000,0.000000,0.000000
0.000000,0.000000,0.000000,0.000000,0.000000,0.000000,0.000040,0.000000,0.000000,0.000000,0.000000,0.000000,0.000000,0.000000,3.779461,0.331432,0.148668,0.000000,0.000000,0.000000,0.000000,0.000000,0.652843,0.094181,0.010465,0.000000,0.000000,0.000000,0.000000,0.000000,0.000000,0.000000,0.000000,0.000000,0.000000,0.000000,0.070026,0.046501,0.344492,0.049823,0.000000,0.000000
0.000000,0.000000,0.000000,0.000000,0.000000,0.000000,0.000000,0.000000,0.000000,0.000000,0.000000,0.000000,0.000000,0.000000,0.000000,0.016676,0.000000,0.000000,0.000000,0.000000,0.000000,0.000000,0.000000,0.000000,0.000000,0.000000,0.000000,0.000000,0.000000,0.000000,0.000000,0.000000,0.000000,0.000000,0.000000,0.000000,0.000000,0.000000,0.024823,0.000000,0.000000,0.000000
0.000000,0.000000,0.000000,0.000000,0.000000,0.000000,0.000000,0.000000,0.000000,0.000000,0.000000,0.000000,0.000000,0.000000,0.000000,0.000000,0.000000,0.000000,0.000000,0.000000,0.000000,0.000000,0.000000,0.000000,0.000000,0.000000,0.000000,0.000000,0.000000,0.000000,0.000000,0.000000,0.000000,0.000000,0.000000,0.000000,0.000000,0.000000,0.000000,0.000000,0.000000,0.000000
0.000000,0.000000,0.000000,0.000000,0.000000,0.000000,0.000032,0.000000,0.000000,0.000000,0.000000,0.000000,0.887729,0.000000,0.000000,0.241986,0.000000,0.000000,0.000000,0.000000,0.000000,0.000000,0.923729,0.000000,0.000000,0.000000,0.000000,0.000000,0.000000,0.000000,0.000000,0.000000,0.000000,0.000000,0.000000,0.000000,0.071895,0.246493,0.155476,0.050142,0.000000,0.000000
0.163036,0.000000,0.000000,0.000000,0.115755,0.092940,0.000279,0.000309,0.000000,0.000092,0.000000,0.962756,0.472802,0.000000,0.000000,0.000000,0.207327,0.000000,0.000000,0.091271,0.034552,0.000000,0.542985,0.072195,0.021752,0.047533,0.052093,0.251816,0.270349,0.075224,0.176323,0.000000,0.000000,0.188227,0.152961,0.000000,0.046921,0.041908,0.000000,0.067231,0.000000,0.039824
0.610403,0.000000,1.543056,0.000000,0.000000,0.245681,0.000357,0.000637,0.000000,0.000389,0.349943,0.840786,1.378876,0.000000,0.000000,0.000000,0.216849,0.000000,0.000000,0.112277,0.000000,0.000000,0.910741,0.786912,0.044068,0.000000,0.000000,0.000000,0.289697,0.053045,1.307053,0.000000,0.000000,0.212392,0.000000,0.000000,0.106598,0.547367,0.000000,0.028687,0.000000,0.580481
0.000000,0.000000,0.000000,0.000000,0.000000,0.123859,0.000531,0.000000,0.000000,0.000000,0.000000,6.398338,2.711616,0.584795,1.801221,0.177910,0.409649,0.000000,0.000000,0.000000,0.000000,0.000000,0.797924,0.276604,0.020064,0.000000,0.000000,0.000000,0.000000,0.000000,0.228846,0.000000,0.000000,0.000000,0.000000,0.000000,0.252926,0.055950,0.311995,0.378106,0.000000,0.000000
0.373867,0.000000,3.704737,1.050003,0.000000,0.205866,0.002311,0.002696,0.000000,0.000487,0.593257,4.353105,2.199729,0.234802,3.568767,0.356247,0.650876,0.000000,0.147996,0.184213,0.000000,0.000000,4.150081,0.451577,0.000000,0.557890,0.000000,0.387019,1.840017,0.229592,0.000000,0.000000,0.000000,1.437957,1.871043,0.000000,0.299759,0.000000,1.226895,0.229529,2.380056,2.814645
0.718578,0.839982,0.776071,0.672104,0.076753,0.082675,0.000000,0.000455,0.000416,0.000000,0.058024,0.000000,0.723257,0.000000,0.000000,0.077608,0.102010,0.000000,0.000000,0.252403,0.019798,0.000000,0.822215,0.000000,0.024191,0.000000,0.063529,0.360501,0.047783,0.053202,0.336597,0.510028,0.000000,0.000000,0.433864,0.010201,0.042333,0.000000,0.068854,0.097303,0.102315,1.062311
0.000000,0.000000,0.000000,0.000000,0.000000,0.000000,0.000010,0.000000,0.000000,0.000000,0.000000,0.000000,0.083241,0.000000,0.745587,0.022668,0.000000,0.000000,0.000000,0.000000,0.000000,0.000000,0.000000,0.000000,0.000000,0.000000,0.000000,0.000000,0.000000,0.000000,0.000000,0.000000,0.000000,0.000000,0.000000,0.000000,0.004677,0.000000,0.113786,0.016380,0.000000,0.000000
0.000000,0.000000,0.000000,0.000000,0.000000,0.000000,0.000058,0.000000,0.000000,0.000000,0.000000,0.000000,0.000000,0.000000,4.680684,0.257648,0.000000,0.000000,0.000000,0.000000,0.000000,0.000000,1.420171,0.000000,0.000000,0.000000,0.000000,0.000000,0.000000,0.000000,0.000000,0.000000,0.000000,0.000000,0.000000,0.000000,0.000000,0.364948,0.913372,0.047530,0.000000,0.000000
0.000000,0.000000,0.000000,0.000000,0.000000,0.000000,0.002783,0.000000,0.000000,0.000000,0.000000,0.000000,8.015945,0.000000,32.076562,3.422220,0.386553,0.000000,0.000000,0.000000,0.000000,0.000000,3.390308,1.911232,0.000000,0.000000,0.000000,0.000000,0.000000,0.000000,0.000000,0.000000,0.000000,0.000000,0.000000,0.000000,0.173971,0.456932,2.700750,1.436184,0.000000,0.000000
0.501045,0.501785,2.193355,0.605692,0.185822,0.419017,0.000000,0.000764,0.000327,0.001056,0.000000,5.530108,0.536216,0.287399,4.349104,0.605589,0.378701,0.000000,0.255046,0.512509,0.000000,0.000000,1.122167,0.304473,0.042890,0.000000,0.000000,0.470186,0.524319,0.319533,0.145566,0.000000,0.000000,0.422887,0.745413,0.000000,0.283269,0.208880,0.440803,0.172488,1.216568,0.304528
0.187446,0.122499,0.000000,0.140226,0.038495,0.072282,0.001142,0.001509,0.001720,0.000778,0.000000,0.000000,0.762711,0.022778,1.239546,0.083996,0.076575,0.000000,0.054130,0.093056,0.015292,0.000000,0.423572,0.097150,0.005121,0.726247,0.000000,0.087470,0.077559,0.057361,0.049166,0.000000,0.000000,0.074767,0.278784,0.000000,0.000000,0.164767,0.130014,0.041224,0.039958,0.050875
0.052148,0.811135,0.488425,0.316515,0.030100,0.116455,0.000294,0.000793,0.001072,0.000442,0.026813,0.644896,0.298218,0.089980,1.515306,0.037134,0.058128,0.000000,0.000000,0.133680,0.000000,0.000000,0.529451,0.110060,0.004608,0.000000,0.000000,0.000000,0.329310,0.042502,0.018150,0.000000,0.000000,0.329641,0.223245,0.000000,0.012157,0.000000,0.277671,0.042764,0.166639,0.577347
0.000000,0.000000,0.000000,0.000000,0.000000,0.000000,0.000212,0.000000,0.000000,0.000000,0.000000,0.000000,0.000000,0.000000,3.687520,0.000000,0.122264,0.000000,0.000000,0.141228,0.000000,0.000000,0.000000,0.105367,0.013581,0.000000,0.000000,0.000000,0.000000,0.198072,0.000000,0.000000,0.000000,0.000000,0.000000,0.000000,0.045295,0.023362,0.453527,0.000000,0.000000,0.000000
0.000000,0.000000,0.000000,0.000000,0.000000,0.000000,0.000095,0.000000,0.000000,0.000000,0.000000,4.091778,0.537103,0.300959,0.000000,0.304580,0.281763,0.000000,0.000000,0.065141,0.000000,0.000000,0.000000,0.000000,0.017778,0.000000,0.000000,0.000000,0.000000,0.000000,0.185346,0.000000,0.000000,0.000000,0.000000,0.000000,0.023700,0.000000,0.000000,0.053673,0.000000,0.000000
0.000000,0.000000,0.000000,0.000000,0.000000,0.000000,0.000191,0.000000,0.000000,0.000000,0.000000,3.332593,0.852263,0.425825,1.953571,0.000000,0.393008,0.000000,0.000000,0.000000,0.000000,0.000000,0.700049,0.279135,0.022100,0.000000,0.000000,0.000000,0.000000,0.000000,0.000000,0.000000,0.000000,0.000000,0.000000,0.000000,0.042085,0.241735,0.625946,0.000000,0.000000,0.000000
0.143042,0.181683,0.493323,0.000000,0.000000,0.075964,0.000173,0.000500,0.000000,0.000262,0.000000,1.753460,0.382655,0.136293,1.708210,0.143631,0.106024,0.046893,0.095526,0.064107,0.020453,0.000000,0.000000,0.000000,0.005766,0.069001,0.024455,0.585829,0.000000,0.035952,0.027797,0.000000,0.000000,0.088011,0.448887,0.009754,0.004712,0.052565,0.098491,0.060299,0.307438,0.392361
0.000000,0.000000,0.359107,0.126703,0.000000,0.054505,0.000172,0.000000,0.000443,0.000286,0.019595,0.000000,0.218288,0.025665,1.998474,0.177530,0.000000,0.114952,0.010687,0.067224,0.025334,0.017449,1.046750,0.079251,0.010998,0.032400,0.033781,0.087319,0.214272,0.051291,0.088479,0.382910,0.000000,0.972744,0.246918,0.006886,0.005842,0.101116,0.149102,0.000000,0.070450,0.075569
0.000000,0.000000,2.639941,0.000000,0.071804,0.047161,0.000239,0.000183,0.000000,0.000000,0.000000,0.000000,0.435005,0.014393,2.405240,0.555163,0.085293,0.000000,0.000000,0.046383,0.000000,0.000000,0.512961,0.000000,0.021646,0.000000,0.000000,0.000000,1.076028,0.025177,0.000000,0.000000,0.000000,0.000000,0.000000,0.000000,0.017275,0.048158,0.195853,0.028655,0.000000,0.000000
0.000000,0.000000,0.000000,0.034035,0.063476,0.107270,0.000295,0.000261,0.000000,0.000000,0.051676,0.578315,0.000000,0.027334,1.059765,0.300125,0.023054,0.000000,0.000000,0.068498,0.000000,0.000000,0.426687,0.059181,0.000000,0.000000,0.000000,0.000000,0.375837,0.061809,0.047431,0.000000,0.000000,0.336928,0.000000,0.000000,0.012942,0.058006,0.040386,0.014132,0.000000,0.000000
2.144303,5.154521,0.000000,1.452894,0.000000,0.000000,0.000000,0.005979,0.005182,0.003885,0.000000,6.016078,11.496176,0.000000,0.000000,0.000000,1.150417,3.103623,0.000000,0.203440,0.185433,0.000000,12.749267,0.991733,1.618112,0.000000,0.000000,0.402688,1.789929,0.901781,0.000000,0.000000,0.000000,2.032047,4.709766,0.000000,0.384475,0.592306,4.786839,2.461274,0.000000,1.033898
0.000000,0.000000,0.000000,0.000000,0.000000,0.000000,0.001076,0.000000,0.000000,0.000000,0.000000,0.000000,10.182383,0.000000,28.131254,5.269635,0.000000,0.000000,0.000000,0.000000,0.000000,0.000000,0.000000,0.000000,0.000000,0.000000,0.000000,0.000000,0.000000,0.000000,0.000000,0.000000,0.000000,0.000000,0.000000,0.000000,0.000000,0.000000,1.296658,0.000000,0.000000,0.000000
0.000000,0.000000,0.000000,0.000000,0.000000,0.000000,0.000081,0.000000,0.000000,0.000000,0.000000,0.000000,0.000000,0.000000,0.000000,1.452465,0.000000,0.000000,0.000000,0.000000,0.000000,0.000000,0.000000,0.000000,0.000000,0.000000,0.000000,0.000000,0.000000,0.000000,0.000000,0.000000,0.000000,0.000000,0.000000,0.000000,0.236471,0.000000,1.241533,0.000000,0.000000,0.000000
0.000000,0.000000,0.000000,0.000000,0.000000,0.000000,0.000000,0.000000,0.000000,0.000000,0.000000,0.000000,0.000000,0.000000,0.000000,0.474330,0.000000,0.000000,0.000000,0.000000,0.000000,0.000000,0.000000,0.000000,0.000000,0.000000,0.000000,0.000000,0.000000,0.000000,0.000000,0.000000,0.000000,0.000000,0.000000,0.000000,0.000000,0.000000,0.000000,0.000000,0.000000,0.000000
0.000000,0.000000,0.000000,0.000000,0.000000,0.000000,0.001135,0.000000,0.000000,0.000000,0.000000,0.000000,1.787995,0.000000,4.238238,0.190765,0.000000,0.000000,0.000000,0.000000,0.000000,0.000000,0.000000,0.000000,0.000000,0.000000,0.000000,0.000000,0.000000,0.000000,0.000000,0.000000,0.000000,0.000000,0.000000,0.000000,0.263668,0.158237,0.527078,0.000000,0.000000,0.000000
0.000000,0.000000,3.716442,3.825466,0.719701,0.000000,0.003476,0.004991,0.001225,0.001404,0.000000,2.774486,0.976939,0.226789,14.516828,0.198124,0.691932,0.000000,0.000000,0.426595,0.000000,0.000000,5.502293,0.122599,0.032895,0.000000,0.000000,0.000000,1.805701,0.303255,0.563637,0.000000,0.000000,1.837351,0.000000,0.000000,0.037940,0.337502,1.858130,0.118139,0.000000,0.000000
0.047331,0.659695,0.497683,0.350231,0.000000,0.020684,0.000381,0.001175,0.001205,0.000254,0.061872,0.891464,0.664701,0.039892,0.000000,0.166347,0.077131,0.000000,0.000000,0.022449,0.000000,0.000000,0.296235,0.094091,0.007736,0.000000,0.000000,0.000000,0.360266,0.058893,0.226844,0.000000,0.000000,0.293060,0.077026,0.000000,0.000000,0.000000,0.339935,0.000000,0.267630,0.000000
