--- METRICS AND THRESHOLDS ---

Best Lags: 1
Best Threshold (from F1-Max): 14.7361
Best Threshold (from Accuracy-Max): 2971.3796

--- FINAL SCORES (after pruning with F1-Max threshold) ---

Final F1 Score after pruning: 0.1951
Final Accuracy after pruning: 0.9762
Final AUROC after pruning: 0.6228
--- EDGE ANALYSIS ---

Number of edges in ground truth (labels): 42.0
Number of correctly predicted edges (True Positives): 12
Number of correct non-edges (True Negatives): 1653
Number of incorrectly predicted edges (False Positives): 69
Number of correct edges not predicted (False Negatives): 30

--- ORDER ANALYSIS---

Predicted Causal Order: [0, 1, 2, 3, 4, 5, 10, 11, 12, 13, 14, 15, 16, 17, 18, 19, 20, 21, 22, 23, 24, 25, 26, 27, 28, 29, 30, 31, 32, 33, 34, 35, 36, 37, 38, 9, 39, 40, 41, 6, 7, 8]
True Causal Order: [5, 3, 29, 14, 15, 22, 38, 1, 2, 9, 19, 31, 0, 12, 17, 23, 30, 27, 26, 28, 34, 37, 41, 4, 10, 11, 13, 16, 18, 21, 25, 33, 36, 40, 20, 24, 32, 39, 8, 35, 7, 6]
Number of wrongly ordered cause-effect pairs: 33

==================================================

--- SUMMARY MATRIX ---
(Represents the max causal effect across all lags after pruning)

[[0 0 0 ... 0 0 0]
 [0 0 0 ... 0 0 0]
 [0 0 0 ... 0 0 0]
 ...
 [0 0 0 ... 0 0 0]
 [0 0 0 ... 0 0 0]
 [0 0 0 ... 0 0 0]]

==================================================

--- EFFECT SUMMARY MATRIX ---
(Represents the max causal effect across all lags before pruning)

0.046894,0.401576,0.015478,0.020035,0.020588,0.172491,0.000231,0.001024,0.001176,0.000597,0.205622,0.489271,0.261480,0.039587,1.580187,0.207763,0.074106,0.029552,0.012394,0.041084,0.002256,0.002413,0.792497,0.111288,0.010943,0.024318,0.033862,0.017816,0.152094,0.082992,0.064324,0.012965,0.007322,0.115058,0.447415,0.001852,0.015084,0.035865,0.419100,0.021435,0.149930,0.021713
0.064464,0.257622,0.121926,0.141475,0.059526,0.034888,0.000219,0.000261,0.000114,0.000106,0.015797,0.493925,0.065189,0.018681,0.295372,0.046074,0.017796,0.026362,0.002727,0.027314,0.002555,0.002049,0.048159,0.050961,0.005413,0.008783,0.004009,0.027039,0.061285,0.031668,0.024621,0.008536,0.008524,0.046949,0.020938,0.000523,0.007738,0.021290,0.089050,0.004972,0.017626,0.010821
0.008147,0.006714,0.004931,0.005934,0.005749,0.008596,0.000036,0.000013,0.000001,0.000020,0.002712,0.400992,0.099687,0.034216,0.141709,0.007378,0.018030,0.001505,0.003122,0.046809,0.000644,0.004993,0.003828,0.007439,0.001025,0.001955,0.001730,0.021050,0.002967,0.011241,0.071116,0.007199,0.002001,0.001866,0.011805,0.000933,0.004246,0.028631,0.064687,0.005739,0.001001,0.006107
0.013831,0.082978,0.098667,0.000979,0.054178,0.101339,0.000437,0.000696,0.000601,0.000294,0.006769,2.148578,0.403301,0.093898,1.368270,0.033817,0.049626,0.002784,0.000056,0.029390,0.000577,0.006087,0.424679,0.011882,0.009975,0.001428,0.010029,0.020030,0.002604,0.020663,0.089235,0.017133,0.011705,0.012749,0.043042,0.000062,0.016532,0.076675,0.002104,0.003537,0.000027,0.028450
0.047761,0.274513,0.686334,0.034939,0.007044,0.886761,0.000477,0.000465,0.000233,0.000042,0.006603,1.588409,1.145239,0.191270,1.512263,0.251278,0.058846,0.010776,0.000168,0.066418,0.001841,0.002906,0.132849,0.020725,0.009877,0.003133,0.001627,0.010617,0.012809,0.327579,0.009494,0.044168,0.020127,0.028421,0.019750,0.003062,0.005200,0.053475,0.030088,0.003169,0.008185,0.041090
0.167662,0.659872,0.025105,0.008778,0.030665,0.032140,0.000403,0.000353,0.000626,0.000390,0.005171,3.113112,1.271517,0.427779,4.482418,0.162816,0.238355,0.053603,0.016036,0.025658,0.015057,0.021728,1.814449,0.133825,0.001492,0.048699,0.048146,0.053802,0.159854,0.014970,0.013899,0.080125,0.008452,0.129557,0.159710,0.000140,0.044530,0.052294,0.204009,0.053106,0.007741,0.035901
221.981708,1007.094056,1004.007388,39.303135,68.248949,41.199542,0.012063,0.042643,0.010261,0.087788,5.473761,998.011668,2971.379599,2.441899,1037.719001,213.733769,29.880917,117.106740,16.662961,68.190572,2.784911,0.322197,264.157387,46.736453,8.954827,114.501927,102.883888,153.943813,387.655373,50.038314,93.172174,39.252347,172.448925,471.395523,356.621933,6.840565,29.898508,132.895341,472.158585,2.183617,88.022922,126.488463
12.067735,70.084481,200.117689,14.244595,0.894631,43.040086,0.915111,0.002829,0.006286,0.003206,7.054267,358.402648,147.708414,2.439668,774.642902,48.299968,68.453691,2.573695,2.102928,1.970548,4.544231,1.577017,170.849407,14.422879,18.320092,13.286672,15.867294,4.823946,106.496587,58.804900,24.318519,8.600207,12.157603,10.345565,7.753760,0.365026,10.547680,12.242289,70.702788,15.947893,15.814093,25.886276
6.948362,71.102372,28.434312,4.376836,7.554668,11.600340,0.553914,1.480334,0.011113,0.019423,2.575353,207.228107,44.051396,2.792402,49.142382,18.717839,14.736097,1.266126,3.079888,17.977786,1.034376,0.601911,87.439667,10.404681,5.393809,0.725653,4.524867,14.898029,76.738995,11.927620,48.600173,5.879013,0.202014,56.286565,29.751511,0.895347,1.257197,3.849068,91.680058,19.617109,1.827978,17.452946
18.605842,82.161720,223.905827,14.034119,55.685157,85.632198,0.004799,0.726814,1.627797,0.012778,7.158481,98.346312,14.406253,5.165662,575.250138,13.420399,17.021166,0.714737,0.155237,11.153878,1.179590,0.754766,23.792493,6.335844,10.190095,5.319201,6.576046,7.693732,77.012306,3.073597,10.333470,11.937838,3.710272,81.497952,3.122920,0.642641,0.251240,29.151500,42.632556,7.124468,6.500019,14.611857
0.104277,0.388098,0.235647,0.755950,0.010136,0.738735,0.000368,0.000051,0.000443,0.000632,0.003272,4.488686,0.958386,0.394370,0.156837,0.125400,0.067721,0.035275,0.044117,0.113825,0.005217,0.005916,3.556826,0.446169,0.016598,0.014073,0.033598,0.094936,1.096336,0.608980,0.228073,0.083736,0.008983,1.025469,0.124838,0.005265,0.011476,0.005224,0.186190,0.141979,0.488071,0.000414
0.021975,0.102872,0.025624,0.003773,0.000394,0.000758,0.000027,0.000006,0.000027,0.000025,0.002076,0.179576,0.040205,0.045710,0.149243,0.011084,0.022682,0.009196,0.000273,0.000643,0.001161,0.002516,0.064104,0.009765,0.001361,0.004923,0.004547,0.009874,0.011098,0.001811,0.003025,0.002522,0.005858,0.014204,0.003265,0.000163,0.001614,0.007453,0.024609,0.004169,0.006356,0.000482
0.030529,0.191624,0.089115,0.005569,0.004377,0.010207,0.000031,0.000088,0.000071,0.000034,0.005347,0.204906,0.055802,0.001832,0.608060,0.042484,0.002859,0.020712,0.003866,0.011612,0.002056,0.004410,0.082037,0.005767,0.000076,0.005698,0.005009,0.012515,0.043739,0.007922,0.009480,0.005528,0.004633,0.037099,0.011982,0.001021,0.000288,0.016337,0.031176,0.006487,0.009192,0.008447
0.018517,0.207842,0.172777,0.124404,0.006711,0.021689,0.000061,0.000089,0.000120,0.000086,0.034709,0.735497,0.116130,0.015942,3.779461,0.331432,0.148668,0.017216,0.007699,0.030598,0.009243,0.036998,0.652843,0.094181,0.010465,0.010073,0.044056,0.072690,0.000161,0.052322,0.026665,0.014681,0.111188,0.088708,0.101611,0.002659,0.070026,0.046501,0.344492,0.049823,0.011038,0.039452
0.001743,0.007068,0.006881,0.005804,0.001272,0.000477,0.000007,0.000017,0.000017,0.000007,0.000907,0.022353,0.005205,0.000759,0.002129,0.016676,0.001508,0.002022,0.001998,0.000351,0.000248,0.001296,0.005627,0.004284,0.000176,0.001702,0.000472,0.004582,0.004080,0.001096,0.006218,0.000071,0.000412,0.003549,0.001483,0.000078,0.000619,0.000734,0.024823,0.000172,0.002467,0.000970
0.192063,1.167770,0.277314,0.147848,0.005159,0.008559,0.000014,0.000105,0.000248,0.000132,0.057733,2.884507,0.362114,0.242308,0.008158,0.024567,0.046999,0.083847,0.018720,0.012615,0.014053,0.016892,0.949979,0.058054,0.006342,0.068975,0.038021,0.052737,0.032288,0.041621,0.049815,0.142327,0.123044,0.074871,0.370287,0.002416,0.023385,0.061044,0.357509,0.018812,0.035241,0.080829
0.208229,1.253934,0.399548,0.053639,0.001123,0.030537,0.000032,0.000199,0.000404,0.000304,0.025132,2.593244,0.887729,0.130957,1.146901,0.241986,0.085993,0.135707,0.004595,0.001499,0.014871,0.004204,0.923729,0.021534,0.006453,0.087098,0.042031,0.115205,0.211232,0.019821,0.000065,0.045124,0.074024,0.226230,0.112786,0.004953,0.071895,0.246493,0.155476,0.050142,0.156542,0.022654
0.163036,0.460689,0.053941,0.023012,0.115755,0.092940,0.000279,0.000309,0.000105,0.000133,0.003586,0.962756,0.472802,0.032323,0.225908,0.042624,0.207327,0.025648,0.011968,0.091271,0.034552,0.004227,0.542985,0.072195,0.021752,0.047533,0.052093,0.251816,0.270349,0.075224,0.176323,0.002367,0.047481,0.188227,0.152961,0.000121,0.046921,0.041908,0.034470,0.067231,0.030987,0.039824
0.610403,0.502148,1.543056,0.010807,0.024992,0.245681,0.000357,0.000637,0.000367,0.000389,0.349943,0.840786,1.378876,0.002855,0.786683,0.024194,0.216849,0.100518,0.026810,0.112277,0.013135,0.029809,0.910741,0.786912,0.044068,0.024938,0.021212,0.112436,0.289697,0.053045,1.307053,0.018240,0.054821,0.212392,0.205016,0.003087,0.106598,0.547367,0.078114,0.028687,0.012396,0.580481
0.017402,0.065858,0.193801,0.004162,0.017611,0.123859,0.000531,0.000412,0.000618,0.000292,0.024557,6.398338,2.711616,0.584795,1.801221,0.177910,0.409649,0.004132,0.038429,0.043553,0.007691,0.040552,0.797924,0.276604,0.020064,0.030040,0.024194,0.001227,0.020728,0.012567,0.228846,0.100573,0.044440,0.011681,0.115020,0.005985,0.252926,0.055950,0.311995,0.378106,0.070654,0.042959
0.373867,0.241808,3.704737,1.050003,0.019847,0.205866,0.002311,0.002696,0.000110,0.000487,0.593257,4.353105,2.199729,0.234802,3.568767,0.356247,0.650876,0.112432,0.147996,0.184213,0.000046,0.076430,4.150081,0.451577,0.002203,0.557890,0.027659,0.387019,1.840017,0.229592,0.087238,0.014929,0.004480,1.437957,1.871043,0.005017,0.299759,0.056921,1.226895,0.229529,2.380056,2.814645
0.718578,0.839982,0.776071,0.672104,0.076753,0.082675,0.000041,0.000455,0.000416,0.000049,0.058024,0.111552,0.723257,0.011691,0.376719,0.077608,0.102010,0.000623,0.014650,0.252403,0.019798,0.002611,0.822215,0.009712,0.024191,0.044076,0.063529,0.360501,0.047783,0.053202,0.336597,0.510028,0.058395,0.046954,0.433864,0.010201,0.042333,0.044144,0.068854,0.097303,0.102315,1.062311
0.000816,0.005363,0.006669,0.005537,0.001337,0.001085,0.000010,0.000022,0.000011,0.000007,0.000982,0.054450,0.083241,0.002302,0.745587,0.022668,0.005599,0.005870,0.000274,0.000989,0.000198,0.004351,0.018440,0.004094,0.001086,0.003656,0.003377,0.003833,0.008396,0.000115,0.000554,0.000965,0.002494,0.009475,0.004758,0.000223,0.004677,0.000007,0.113786,0.016380,0.001748,0.002275
0.044189,0.192023,0.235072,0.062133,0.114334,0.095888,0.000058,0.000278,0.000129,0.000098,0.018214,0.617515,0.111852,0.003601,4.680684,0.257648,0.033536,0.013124,0.036582,0.006800,0.022844,0.042787,1.420171,0.023655,0.010885,0.050339,0.036428,0.008141,0.034560,0.045075,0.040977,0.029287,0.049227,0.088460,0.035266,0.000334,0.024898,0.364948,0.913372,0.047530,0.020242,0.127945
0.410036,0.083044,0.290886,0.933038,0.349828,0.430586,0.002783,0.001108,0.000228,0.000042,0.023369,1.698774,8.015945,0.167825,32.076562,3.422220,0.386553,0.157644,0.064839,0.011524,0.036681,0.219477,3.390308,1.911232,0.005193,0.051003,0.219437,0.265386,0.337538,0.041006,0.207285,0.495871,0.093644,0.351192,0.260500,0.016423,0.173971,0.456932,2.700750,1.436184,0.064959,0.459923
0.501045,0.664755,2.193355,0.605692,0.185822,0.419017,0.000150,0.000764,0.000327,0.001056,0.022889,5.530108,0.536216,0.287399,4.349104,0.605589,0.378701,0.071013,0.255046,0.512509,0.018701,0.009991,1.122167,0.304473,0.042890,0.018911,0.011131,0.470186,0.524319,0.319533,0.145566,0.026180,0.023297,0.422887,0.745413,0.001748,0.283269,0.208880,0.440803,0.172488,1.216568,0.304528
0.187446,0.122499,0.104016,0.140226,0.074394,0.072282,0.001142,0.001509,0.001720,0.000778,0.013336,0.725148,0.762711,0.022778,1.239546,0.083996,0.076575,0.003678,0.054130,0.093056,0.015292,0.005894,0.423572,0.097150,0.005121,0.726247,0.023786,0.087470,0.077559,0.057361,0.049166,0.010531,0.019502,0.074767,0.278784,0.000551,0.002902,0.164767,0.130014,0.041224,0.039958,0.050875
0.052148,0.811135,0.488425,0.316515,0.030100,0.116455,0.000294,0.000793,0.001072,0.000442,0.026813,0.644896,0.298218,0.089980,1.515306,0.037134,0.058128,0.021731,0.007326,0.133680,0.002009,0.001794,0.529451,0.110060,0.004608,0.006685,0.007680,0.006794,0.329310,0.042502,0.018150,0.008089,0.031492,0.329641,0.223245,0.001023,0.012157,0.024562,0.277671,0.042764,0.166639,0.577347
0.032452,0.258919,0.142239,0.005719,0.026479,0.013734,0.000212,0.000048,0.000145,0.000005,0.006904,0.874435,0.005816,0.014651,3.687520,0.008011,0.122264,0.050971,0.005686,0.141228,0.002153,0.013560,0.100010,0.105367,0.013581,0.003993,0.020689,0.097705,0.135992,0.198072,0.012540,0.036522,0.071063,0.173686,0.073109,0.000412,0.045295,0.023362,0.453527,0.000312,0.059236,0.026909
0.005514,0.454489,0.806005,0.044241,0.009928,0.042780,0.000189,0.000517,0.000326,0.000098,0.019715,4.091778,0.537103,0.300959,0.005872,0.304580,0.281763,0.117550,0.018320,0.065141,0.007542,0.031917,0.316631,0.017077,0.017778,0.025164,0.058814,0.157888,0.201988,0.000312,0.185346,0.052419,0.031838,0.164927,0.133703,0.000250,0.023700,0.051480,0.096490,0.053673,0.053507,0.029959
0.030838,0.092031,0.341251,0.022453,0.030691,0.035305,0.000191,0.000313,0.000160,0.000022,0.005176,3.332593,0.852263,0.425825,1.953571,0.044033,0.393008,0.002616,0.021771,0.027098,0.001627,0.003549,0.700049,0.279135,0.022100,0.009387,0.017470,0.005614,0.125150,0.016899,0.010592,0.043214,0.003741,0.110937,0.005996,0.003692,0.042085,0.241735,0.625946,0.012509,0.037653,0.061854
0.143042,0.181683,0.493323,0.014087,0.010152,0.075964,0.000173,0.000500,0.000170,0.000262,0.001941,1.753460,0.382655,0.136293,1.708210,0.143631,0.106024,0.046893,0.095526,0.064107,0.020453,0.003665,0.073844,0.001866,0.005766,0.069001,0.024455,0.585829,0.023369,0.035952,0.027797,0.010196,0.001264,0.088011,0.448887,0.009754,0.004712,0.052565,0.098491,0.060299,0.307438,0.392361
0.003582,0.035804,0.359107,0.126703,0.020412,0.054505,0.000172,0.000047,0.000443,0.000286,0.019595,0.413625,0.218288,0.025665,1.998474,0.177530,0.019703,0.114952,0.010687,0.067224,0.025334,0.017449,1.046750,0.079251,0.010998,0.032400,0.033781,0.087319,0.214272,0.051291,0.088479,0.382910,0.010915,0.972744,0.246918,0.006886,0.005842,0.101116,0.149102,0.003406,0.070450,0.075569
0.024593,0.405270,2.639941,0.057212,0.071804,0.047161,0.000239,0.000183,0.000058,0.000110,0.034484,0.966476,0.435005,0.035022,2.405240,0.555163,0.085293,0.001655,0.012196,0.046383,0.004127,0.013052,0.512961,0.021235,0.021646,0.006350,0.005595,0.042296,1.076028,0.025177,0.070333,0.024202,0.007115,0.011067,0.038524,0.003381,0.017275,0.048158,0.195853,0.028655,0.016168,0.019198
0.015749,0.019107,0.101425,0.034035,0.063476,0.107270,0.000295,0.000261,0.000123,0.000078,0.051676,0.578315,0.017617,0.027334,1.059765,0.300125,0.023054,0.027449,0.003365,0.068498,0.003452,0.002417,0.426687,0.059181,0.001002,0.004935,0.001130,0.017966,0.375837,0.061809,0.047431,0.012110,0.003184,0.336928,0.019894,0.000340,0.012942,0.058006,0.040386,0.014132,0.021490,0.040732
2.144303,5.154521,0.415694,1.452894,0.335613,0.386822,0.000001,0.005979,0.005182,0.003885,0.025333,11.453525,11.496176,0.595997,8.570423,0.308727,1.150417,3.103623,0.048147,0.203440,0.185433,0.125602,12.749267,0.991733,1.618112,0.271612,0.375697,0.554473,1.789929,0.901781,0.061804,0.673474,0.087418,2.032047,4.709766,0.012911,0.384475,0.592306,4.786839,2.461274,0.253947,1.033898
0.254460,0.611489,0.397670,0.298146,0.119170,0.091058,0.001143,0.001045,0.000888,0.001194,0.060578,4.913171,10.182383,0.224894,28.131254,5.269635,0.342727,0.167665,0.069637,0.036585,0.031266,0.031962,2.237421,0.060536,0.009259,0.341176,0.366909,0.149788,0.505864,0.080476,0.240347,0.376975,0.611478,0.889327,0.682393,0.029982,0.026585,0.178126,1.296658,0.003484,0.052688,0.015760
0.091678,0.264996,0.421323,0.092689,0.195073,0.152058,0.000188,0.000312,0.000558,0.000384,0.058947,0.318564,0.225381,0.063396,2.509375,1.452465,0.129689,0.031043,0.015428,0.045710,0.006472,0.007476,0.695958,0.019384,0.007752,0.072154,0.062181,0.186358,0.388051,0.043924,0.052105,0.069648,0.057606,0.411471,0.218681,0.000320,0.236471,0.112118,1.241533,0.015077,0.023541,0.060147
0.076262,0.004667,0.255279,0.037360,0.023646,0.035942,0.000129,0.000151,0.000132,0.000193,0.028734,0.455381,0.312564,0.037388,0.123983,0.474330,0.008446,0.050073,0.024756,0.019626,0.001223,0.039957,0.073879,0.037753,0.000087,0.052396,0.053638,0.078371,0.069259,0.009656,0.028696,0.016700,0.018292,0.054043,0.041556,0.002025,0.007994,0.010235,0.051267,0.009442,0.040351,0.125133
0.088267,1.432137,0.282527,0.396598,0.077519,0.118148,0.001135,0.000575,0.000268,0.000149,0.031525,3.429568,1.787995,0.215248,4.238238,0.190765,0.073734,0.081766,0.072567,0.010001,0.019698,0.014736,0.660205,0.032044,0.001797,0.000538,0.048502,0.311027,0.323177,0.039157,0.014067,0.133939,0.013779,0.218398,0.033798,0.002412,0.263668,0.158237,0.527078,0.015729,0.166584,0.161529
0.148158,0.497347,3.716442,3.825466,0.719701,0.021638,0.003476,0.004991,0.001225,0.001404,0.030543,3.477392,0.976939,0.226789,14.516828,0.198124,0.691932,0.048219,0.038001,0.426595,0.000870,0.129275,5.502293,0.122599,0.032895,0.071408,0.002681,0.036405,1.805701,0.303255,0.563637,0.016076,0.000447,1.837351,0.113633,0.012067,0.037940,0.337502,1.858130,0.118139,0.019423,0.080627
0.047331,0.659695,0.497683,0.350231,0.028442,0.034915,0.000381,0.001175,0.001205,0.000254,0.061872,0.891464,0.664701,0.039892,0.483974,0.166347,0.077131,0.013080,0.014450,0.022449,0.003295,0.015112,0.296235,0.094091,0.007736,0.006224,0.006568,0.017365,0.360266,0.058893,0.226844,0.027481,0.025511,0.293060,0.077026,0.001075,0.000534,0.019199,0.339935,0.004328,0.267630,0.040630
