--- METRICS AND THRESHOLDS ---

Best Lags: 1
Lasso Pruning Threshold: 0.0500

--- FINAL SCORES (after pruning with F1-Max threshold) ---

Final F1 Score after pruning: 0.0465
Final Accuracy after pruning: 0.9762
Final AUROC after pruning: 0.4869
--- EDGE ANALYSIS ---

Number of edges in ground truth (labels): 42.0
Number of correctly predicted edges (True Positives): 13
Number of correct non-edges (True Negatives): 1144
Number of incorrectly predicted edges (False Positives): 578
Number of correct edges not predicted (False Negatives): 29

--- ORDER ANALYSIS---

Predicted Causal Order: [15, 38, 14, 6, 12, 36, 37, 39, 16, 22, 23, 24, 13, 11, 5, 19, 28, 30, 2, 4, 7, 29, 8, 33, 9, 3, 10, 34, 40, 0, 1, 41, 18, 20, 25, 26, 27, 17, 35, 31, 21, 32]
True Causal Order: [5, 3, 29, 14, 15, 22, 38, 1, 2, 9, 19, 31, 0, 12, 17, 23, 30, 27, 26, 28, 34, 37, 41, 4, 10, 11, 13, 16, 18, 21, 25, 33, 36, 40, 20, 24, 32, 39, 8, 35, 7, 6]
Number of wrongly ordered cause-effect pairs: 19

==================================================

--- SUMMARY MATRIX ---
(Represents the max causal effect across all lags after pruning)

[[0 0 0 ... 0 1 0]
 [1 0 0 ... 0 1 0]
 [0 0 0 ... 1 0 0]
 ...
 [0 0 0 ... 0 0 0]
 [0 0 1 ... 1 0 0]
 [0 1 1 ... 0 1 0]]

==================================================

--- EFFECT SUMMARY MATRIX ---
(Represents the max causal effect across all lags before pruning)

0.000000,0.000000,0.000000,0.000000,0.000000,0.152453,0.000000,0.000536,0.000851,0.000543,0.195966,0.000000,0.216967,0.000000,1.737470,0.184031,0.000000,0.000000,0.000000,0.023836,0.000000,0.000000,0.855129,0.114361,0.013275,0.000000,0.000371,0.000000,0.021949,0.089379,0.041569,0.000000,0.000000,0.000000,0.369860,0.000000,0.011930,0.000000,0.488447,0.000000,0.147916,0.000000
0.085984,0.000000,0.000000,0.136250,0.046996,0.035546,0.000145,0.000120,0.000115,0.000149,0.008989,0.625904,0.000000,0.030459,0.502569,0.062083,0.013776,0.000000,0.000000,0.027499,0.000000,0.000000,0.000000,0.050631,0.005186,0.000180,0.000000,0.000000,0.000000,0.027315,0.016791,0.000000,0.000000,0.000000,0.000000,0.000000,0.008770,0.029517,0.099299,0.000000,0.012772,0.000000
0.000000,0.000000,0.000000,0.000000,0.000000,0.009391,0.000036,0.000000,0.000000,0.000000,0.000000,0.444924,0.095758,0.032510,0.000000,0.000000,0.017922,0.000000,0.000257,0.048393,0.000000,0.000000,0.000000,0.000000,0.000000,0.000000,0.000000,0.000000,0.000000,0.012061,0.077356,0.000000,0.000000,0.000000,0.000000,0.000000,0.003457,0.026630,0.064632,0.005110,0.000000,0.000000
0.001677,0.000000,0.000000,0.000000,0.039191,0.087042,0.000430,0.000640,0.000522,0.000264,0.000000,2.088535,0.407997,0.095004,1.520113,0.000000,0.048599,0.000000,0.000000,0.026920,0.000000,0.000000,0.468930,0.000000,0.009671,0.000000,0.000000,0.000000,0.000000,0.027090,0.097122,0.000000,0.000000,0.000000,0.000000,0.000000,0.016528,0.069066,0.000000,0.000000,0.000000,0.000000
0.000000,0.000000,0.682137,0.000000,0.000000,0.883418,0.000474,0.000464,0.000000,0.000000,0.000000,1.354523,1.077540,0.199353,1.524281,0.251460,0.077848,0.000000,0.000000,0.063240,0.000000,0.000000,0.000000,0.000000,0.009644,0.000000,0.000000,0.000000,0.000000,0.329098,0.000000,0.000000,0.000000,0.000000,0.000000,0.000000,0.000000,0.058400,0.000000,0.000000,0.000000,0.000000
0.000000,0.000000,0.000000,0.000000,0.000000,0.000000,0.000382,0.000000,0.000000,0.000000,0.000000,3.692917,1.402791,0.414016,3.585983,0.181023,0.166597,0.000000,0.000000,0.000000,0.000000,0.000000,0.871030,0.073922,0.000000,0.000000,0.000000,0.000000,0.000000,0.000000,0.000000,0.000000,0.000000,0.000000,0.000000,0.000000,0.043629,0.000000,0.000000,0.000000,0.000000,0.000000
0.000000,0.000000,0.000000,0.000000,0.000000,0.000000,0.000000,0.000000,0.000000,0.000000,0.000000,0.000000,2829.837687,0.000000,0.000000,213.295854,0.000000,0.000000,0.000000,0.000000,0.000000,0.000000,0.000000,0.000000,0.000000,0.000000,0.000000,0.000000,0.000000,0.000000,0.000000,0.000000,0.000000,0.000000,0.000000,0.000000,0.000000,0.000000,469.918772,0.000000,0.000000,0.000000
0.000000,0.000000,151.207879,0.000000,0.000000,48.487930,0.918627,0.003680,0.000000,0.000000,0.000000,405.488696,199.189452,0.000000,870.258237,57.855258,58.001285,0.000000,0.000000,0.000000,0.000000,0.000000,0.000000,0.000000,17.820982,0.000000,0.000000,0.000000,106.250621,57.348998,39.638198,0.000000,0.000000,0.000000,0.000000,0.000000,11.639676,0.000000,47.888152,16.956747,0.000000,0.000000
0.000000,0.000000,0.000000,0.000000,0.000000,9.906264,0.563877,1.490263,0.000000,0.000000,0.000000,212.511578,51.860541,0.000000,0.000000,0.000000,0.000000,0.000000,0.000000,16.223933,0.000000,0.000000,0.000000,8.959713,5.395166,0.000000,0.000000,0.000000,92.050529,13.684247,54.741512,0.000000,0.000000,68.742625,0.000000,0.000000,0.000000,0.000000,93.630976,18.942990,0.000000,0.000000
0.000000,2.979670,217.908584,0.000000,56.876618,85.805532,0.000000,0.730596,1.631553,0.000000,0.000000,0.000000,0.000000,0.000000,508.833091,0.000000,19.502583,0.000000,0.000000,13.622838,0.000000,0.000000,0.000000,0.000000,10.259006,0.000000,0.000000,0.000000,87.587468,0.000000,0.000000,0.000000,0.000000,91.457885,0.000000,0.000000,0.000000,25.030087,48.105459,7.540359,0.000000,0.000000
0.000000,0.000000,0.000000,0.705671,0.000000,0.756282,0.000527,0.000000,0.000000,0.000389,0.000000,4.901128,0.849224,0.410801,0.000000,0.000000,0.000000,0.000000,0.000000,0.106839,0.000000,0.000000,3.514722,0.427723,0.000000,0.000000,0.000000,0.000000,1.134006,0.603735,0.219410,0.000000,0.000000,1.046232,0.000000,0.000000,0.000000,0.000000,0.168940,0.131953,0.485720,0.000000
0.000000,0.000000,0.000000,0.000000,0.000000,0.000000,0.000026,0.000000,0.000000,0.000000,0.000000,0.000000,0.000000,0.042509,0.000000,0.003798,0.008913,0.000000,0.000000,0.000000,0.000000,0.000000,0.045674,0.009569,0.001752,0.000000,0.000000,0.000000,0.000000,0.000000,0.000000,0.000000,0.000000,0.000000,0.000000,0.000000,0.000000,0.000000,0.018570,0.002818,0.000000,0.000000
0.000000,0.000000,0.000000,0.000000,0.000000,0.000000,0.000000,0.000002,0.000000,0.000000,0.000000,0.000000,0.000000,0.000000,0.799882,0.043138,0.000000,0.000000,0.000000,0.000000,0.000000,0.000000,0.000000,0.000000,0.000000,0.000000,0.000000,0.000000,0.000000,0.000000,0.000000,0.000000,0.000000,0.000000,0.000000,0.000000,0.000000,0.000000,0.000000,0.000000,0.000000,0.000000
0.000000,0.000000,0.000000,0.000000,0.000000,0.000000,0.000000,0.000000,0.000000,0.000000,0.000000,0.000000,0.000000,0.000000,4.086981,0.293397,0.195797,0.000000,0.000000,0.000000,0.000000,0.000000,0.000000,0.109104,0.008536,0.000000,0.000000,0.000000,0.000000,0.000000,0.000000,0.000000,0.000000,0.000000,0.000000,0.000000,0.073384,0.000000,0.272652,0.000000,0.000000,0.000000
0.000000,0.000000,0.000000,0.000000,0.000000,0.000000,0.000000,0.000000,0.000000,0.000000,0.000000,0.000000,0.000000,0.000000,0.000000,0.016724,0.000000,0.000000,0.000000,0.000000,0.000000,0.000000,0.000000,0.000000,0.000000,0.000000,0.000000,0.000000,0.000000,0.000000,0.000000,0.000000,0.000000,0.000000,0.000000,0.000000,0.000000,0.000000,0.024767,0.000000,0.000000,0.000000
0.000000,0.000000,0.000000,0.000000,0.000000,0.000000,0.000000,0.000000,0.000000,0.000000,0.000000,0.000000,0.000000,0.000000,0.000000,0.000000,0.000000,0.000000,0.000000,0.000000,0.000000,0.000000,0.000000,0.000000,0.000000,0.000000,0.000000,0.000000,0.000000,0.000000,0.000000,0.000000,0.000000,0.000000,0.000000,0.000000,0.000000,0.000000,0.000000,0.000000,0.000000,0.000000
0.000000,0.000000,0.000000,0.000000,0.000000,0.000000,0.000000,0.000000,0.000000,0.000000,0.000000,0.000000,1.144018,0.000000,0.000000,0.246276,0.000000,0.000000,0.000000,0.000000,0.000000,0.000000,0.856608,0.000000,0.000000,0.000000,0.000000,0.000000,0.000000,0.000000,0.000000,0.000000,0.000000,0.000000,0.000000,0.000000,0.071764,0.255449,0.141961,0.038017,0.000000,0.000000
0.216443,0.000000,0.000000,0.000000,0.067158,0.000000,0.000050,0.000000,0.000000,0.000158,0.000000,0.000000,0.695819,0.000000,0.000000,0.000000,0.185844,0.000000,0.000000,0.085640,0.023439,0.000000,0.000000,0.063515,0.022158,0.000000,0.009281,0.214079,0.040333,0.053120,0.118593,0.000000,0.000000,0.000000,0.337725,0.000000,0.041935,0.055593,0.000000,0.049247,0.000000,0.000000
0.580094,0.003603,1.407199,0.000000,0.000000,0.209406,0.000000,0.000146,0.000000,0.000194,0.316766,0.000000,1.267649,0.000000,0.000000,0.000000,0.219636,0.000000,0.000000,0.087549,0.001288,0.000000,0.855254,0.785327,0.045562,0.000000,0.000000,0.000000,0.398125,0.000000,1.289933,0.000000,0.000000,0.296340,0.000000,0.000000,0.106651,0.560160,0.000000,0.000000,0.000000,0.606028
0.000000,0.000000,0.000000,0.000000,0.000000,0.113838,0.000547,0.000000,0.000009,0.000000,0.000000,6.400020,2.562577,0.555263,0.000000,0.234208,0.393624,0.000000,0.000000,0.000000,0.000000,0.000000,0.000000,0.247858,0.014453,0.000000,0.000000,0.000000,0.000000,0.000000,0.192206,0.000000,0.000000,0.000000,0.000000,0.000000,0.259855,0.065107,0.279061,0.396399,0.000000,0.000000
0.000000,0.000000,3.444746,0.884928,0.000000,0.000000,0.001785,0.002076,0.000000,0.000705,0.347254,0.000000,2.067759,0.000000,0.000000,0.000000,0.645386,0.000000,0.199061,0.199138,0.000000,0.000000,4.278153,0.319105,0.000000,0.513755,0.000000,0.000000,1.792370,0.000000,0.000000,0.000000,0.000000,1.455017,1.423710,0.000000,0.302948,0.000000,1.749770,0.184995,2.502944,2.633880
0.800313,0.988428,0.523213,0.656358,0.097625,0.042237,0.000000,0.000002,0.000006,0.000000,0.049150,0.000000,0.726910,0.000000,0.000000,0.000000,0.099065,0.000000,0.000000,0.229648,0.000000,0.000000,0.479285,0.000000,0.023851,0.000403,0.056593,0.305238,0.066192,0.041168,0.294953,0.579647,0.000000,0.000000,0.343821,0.007651,0.044960,0.000000,0.000000,0.093584,0.137620,1.043752
0.000000,0.000000,0.000000,0.000000,0.000000,0.000000,0.000010,0.000002,0.000000,0.000000,0.000000,0.000000,0.079406,0.000000,0.743925,0.023239,0.000000,0.000000,0.000000,0.000000,0.000000,0.000000,0.000000,0.000000,0.000000,0.000000,0.000000,0.000000,0.000000,0.000000,0.000000,0.000000,0.000000,0.000000,0.000000,0.000000,0.004723,0.000000,0.114113,0.016417,0.000000,0.000000
0.000000,0.000000,0.000000,0.000000,0.000000,0.000000,0.000000,0.000000,0.000000,0.000000,0.000000,0.000000,0.000000,0.000000,4.741494,0.252493,0.000000,0.000000,0.000000,0.000000,0.000000,0.000000,1.015356,0.000000,0.000000,0.000000,0.000000,0.000000,0.000000,0.000000,0.000000,0.000000,0.000000,0.000000,0.000000,0.000000,0.000000,0.385690,0.881295,0.000000,0.000000,0.000000
0.000000,0.000000,0.000000,0.000000,0.000000,0.000000,0.002724,0.000000,0.000000,0.000000,0.000000,0.000000,8.254594,0.000000,34.186145,3.450485,0.000000,0.000000,0.000000,0.000000,0.000000,0.000000,0.000000,1.953972,0.000000,0.000000,0.000000,0.000000,0.000000,0.000000,0.000000,0.000000,0.000000,0.000000,0.000000,0.000000,0.184788,0.541200,3.130272,1.414041,0.000000,0.000000
0.364895,0.711301,2.358771,0.530586,0.000000,0.267562,0.000162,0.000000,0.001140,0.001312,0.000000,4.795033,0.000000,0.215515,5.387497,0.638565,0.407597,0.000000,0.268599,0.537703,0.000000,0.000000,0.000000,0.316880,0.035596,0.000000,0.000000,0.449748,0.369438,0.274128,0.000000,0.000000,0.000000,0.304097,0.648139,0.000000,0.281580,0.180385,0.320129,0.192079,1.248874,0.363952
0.233987,0.000000,0.000000,0.000000,0.000000,0.000000,0.000920,0.001125,0.001430,0.000683,0.000000,0.000000,0.802578,0.000000,0.000000,0.000000,0.000000,0.000000,0.068241,0.077548,0.011931,0.000000,0.000000,0.091790,0.000000,0.751351,0.000000,0.000000,0.000000,0.000000,0.000000,0.000000,0.000000,0.000000,0.047990,0.000000,0.000000,0.131168,0.026973,0.041710,0.000000,0.138702
0.000000,1.024606,0.550108,0.275193,0.000000,0.083531,0.000223,0.000626,0.000902,0.000344,0.025760,0.000000,0.292575,0.068468,1.177209,0.000000,0.058074,0.000000,0.000000,0.129020,0.000000,0.000000,0.468042,0.106493,0.000000,0.000000,0.000655,0.000000,0.383801,0.026659,0.000000,0.000000,0.000000,0.372306,0.243212,0.000000,0.009599,0.000000,0.248452,0.046355,0.177516,0.564242
0.000000,0.000000,0.000000,0.000000,0.000000,0.000000,0.000202,0.000000,0.000000,0.000000,0.000000,0.000000,0.000000,0.000000,3.757239,0.000000,0.105980,0.000000,0.000000,0.138316,0.000000,0.000000,0.000000,0.105510,0.012214,0.000000,0.000000,0.000000,0.000000,0.201343,0.000000,0.000000,0.000000,0.000000,0.000000,0.000000,0.044463,0.027096,0.452512,0.000000,0.000000,0.000000
0.000000,0.000000,0.000000,0.000000,0.000000,0.000000,0.000000,0.000001,0.000000,0.000000,0.000000,3.347297,0.000000,0.356124,0.000000,0.306469,0.302213,0.000000,0.000000,0.090037,0.000000,0.000000,0.000000,0.000000,0.023513,0.000000,0.002561,0.000000,0.000000,0.000000,0.150521,0.000000,0.000000,0.000000,0.000000,0.000000,0.024626,0.000000,0.000000,0.000000,0.000000,0.000000
0.000000,0.000000,0.018988,0.000000,0.000000,0.000000,0.000189,0.000007,0.000000,0.000000,0.000000,3.202932,0.859032,0.421042,1.989003,0.000000,0.386492,0.000000,0.000000,0.000000,0.000000,0.000000,0.729736,0.276055,0.021971,0.000000,0.000000,0.000000,0.000000,0.000000,0.000000,0.000000,0.000000,0.000000,0.000000,0.000000,0.042120,0.244884,0.625021,0.000000,0.000000,0.000000
0.137917,0.221764,0.491610,0.000000,0.000000,0.066637,0.000000,0.000253,0.000000,0.000176,0.000000,1.972180,0.337273,0.143061,1.712910,0.147943,0.101103,0.043110,0.093024,0.055254,0.019755,0.000000,0.000000,0.000000,0.000000,0.056765,0.000000,0.593024,0.052084,0.032272,0.040828,0.000000,0.000000,0.054299,0.407375,0.011753,0.000000,0.052493,0.089083,0.064189,0.310669,0.389748
0.000000,0.000000,0.000000,0.000000,0.000000,0.045622,0.000235,0.000000,0.000471,0.000316,0.000000,0.000000,0.000000,0.000000,1.809305,0.152045,0.000000,0.078169,0.000000,0.072247,0.031416,0.000000,0.960825,0.037203,0.000000,0.014425,0.000000,0.000000,0.168570,0.024206,0.078699,0.341547,0.000000,0.934048,0.230660,0.003748,0.000000,0.101246,0.123661,0.000000,0.041132,0.000000
0.000000,0.000000,2.588305,0.000000,0.039867,0.000000,0.000275,0.000224,0.000000,0.000002,0.000000,0.000000,0.277617,0.000000,2.498089,0.588368,0.063211,0.000000,0.000000,0.039784,0.000000,0.000000,0.593703,0.000000,0.021876,0.000000,0.000000,0.000000,1.084771,0.000000,0.002073,0.000000,0.000000,0.000000,0.000000,0.000000,0.018107,0.056572,0.211208,0.027880,0.000000,0.000000
0.000000,0.000000,0.001971,0.000000,0.065511,0.108061,0.000274,0.000251,0.000000,0.000000,0.050996,0.361523,0.000000,0.000000,1.053075,0.300599,0.028619,0.000000,0.000000,0.071288,0.000000,0.000000,0.450941,0.060392,0.000000,0.000000,0.000000,0.000000,0.383054,0.060043,0.058740,0.000000,0.000000,0.344145,0.000000,0.000000,0.014261,0.053862,0.047055,0.013787,0.000000,0.002983
1.884433,7.277006,0.000000,1.581005,0.000000,0.000000,0.000000,0.005830,0.004999,0.004029,0.000000,0.000000,10.582394,0.000000,0.000000,0.000000,1.159188,2.996314,0.000000,0.000000,0.159399,0.000000,12.189558,0.980116,1.619975,0.000000,0.000000,0.747127,1.469975,0.963172,0.000000,0.000000,0.000000,1.738943,4.462377,0.000000,0.376160,0.487761,4.661020,2.509466,0.000000,0.725705
0.000000,0.000000,0.000000,0.000000,0.000000,0.000000,0.001060,0.000000,0.000000,0.000000,0.000000,0.000000,10.434696,0.000000,28.608430,5.282786,0.000000,0.000000,0.000000,0.000000,0.000000,0.000000,0.000000,0.000000,0.000000,0.000000,0.000000,0.000000,0.000000,0.000000,0.000000,0.000000,0.000000,0.000000,0.000000,0.000000,0.000000,0.000000,1.299497,0.000000,0.000000,0.000000
0.000000,0.000000,0.000000,0.000000,0.000000,0.000000,0.000000,0.000000,0.000000,0.000000,0.000000,0.000000,0.000000,0.000000,0.000000,1.482876,0.000000,0.000000,0.000000,0.000000,0.000000,0.000000,0.000000,0.000000,0.000000,0.000000,0.000000,0.000000,0.000000,0.000000,0.000000,0.000000,0.000000,0.000000,0.000000,0.000000,0.226899,0.000000,1.271199,0.000000,0.000000,0.000000
0.000000,0.000000,0.000000,0.000000,0.000000,0.000000,0.000000,0.000000,0.000000,0.000000,0.000000,0.000000,0.000000,0.000000,0.000000,0.475091,0.000000,0.000000,0.000000,0.000000,0.000000,0.000000,0.000000,0.000000,0.000000,0.000000,0.000000,0.000000,0.000000,0.000000,0.000000,0.000000,0.000000,0.000000,0.000000,0.000000,0.000000,0.000000,0.000000,0.000000,0.000000,0.000000
0.000000,0.000000,0.000000,0.000000,0.000000,0.000000,0.001145,0.000000,0.000000,0.000000,0.000000,0.000000,1.846009,0.000000,0.000000,0.000000,0.000000,0.000000,0.000000,0.000000,0.000000,0.000000,0.000000,0.000000,0.000000,0.000000,0.000000,0.000000,0.000000,0.000000,0.000000,0.000000,0.000000,0.000000,0.000000,0.000000,0.267454,0.085970,0.463235,0.000000,0.000000,0.000000
0.000000,0.000000,3.182109,3.650240,0.719387,0.000000,0.002981,0.003733,0.000000,0.001858,0.000000,4.672294,0.000000,0.326816,16.314105,0.000000,0.697956,0.000000,0.000000,0.347877,0.000000,0.004651,5.319398,0.000000,0.036207,0.000000,0.000000,0.000000,1.531148,0.279174,0.496380,0.000000,0.000000,1.600439,0.000000,0.000000,0.000000,0.392123,1.796497,0.140925,0.000000,0.000000
0.000000,0.813044,0.775986,0.415948,0.000000,0.000000,0.000315,0.000910,0.000742,0.000005,0.067221,0.000000,0.812458,0.000000,0.000000,0.130034,0.062440,0.000000,0.000000,0.000000,0.000000,0.000000,0.000000,0.098746,0.005558,0.000000,0.000000,0.000000,0.365010,0.064488,0.274163,0.000000,0.000000,0.294147,0.000000,0.000000,0.000000,0.001350,0.370418,0.000000,0.277280,0.000000
