--- METRICS AND THRESHOLDS ---

Best Lags: 2
Best Threshold (from F1-Max): 1.2894
Best Threshold (from Accuracy-Max): 64.1026

--- FINAL SCORES (after pruning with F1-Max threshold) ---

Final F1 Score after pruning: 0.1745
Final Accuracy after pruning: 0.9762
Final AUROC after pruning: 0.6275
--- EDGE ANALYSIS ---

Number of edges in ground truth (labels): 42.0
Number of correctly predicted edges (True Positives): 13
Number of correct non-edges (True Negatives): 1628
Number of incorrectly predicted edges (False Positives): 94
Number of correct edges not predicted (False Negatives): 29

--- ORDER ANALYSIS---

Predicted Causal Order: [0, 1, 2, 3, 5, 11, 12, 17, 18, 19, 22, 16, 25, 26, 27, 29, 30, 31, 32, 33, 34, 36, 39, 40, 41, 10, 13, 14, 21, 4, 15, 20, 23, 24, 28, 6, 7, 8, 9, 37, 38, 35]
True Causal Order: [5, 3, 29, 14, 15, 22, 38, 1, 2, 9, 19, 31, 0, 12, 17, 23, 30, 27, 26, 28, 34, 37, 41, 4, 10, 11, 13, 16, 18, 21, 25, 33, 36, 40, 20, 24, 32, 39, 8, 35, 7, 6]
Number of wrongly ordered cause-effect pairs: 26

==================================================

--- SUMMARY MATRIX ---
(Represents the max causal effect across all lags after pruning)

[[0 0 0 ... 0 0 0]
 [0 0 0 ... 0 0 0]
 [0 0 0 ... 0 0 0]
 ...
 [0 0 0 ... 0 0 0]
 [0 0 0 ... 0 0 0]
 [0 0 0 ... 0 0 0]]

==================================================

--- EFFECT SUMMARY MATRIX ---
(Represents the max causal effect across all lags before pruning)

0.923693,0.114925,0.031301,0.278577,0.015132,0.196365,0.000231,0.000362,0.000027,0.000370,0.028554,0.316818,0.018760,0.079945,0.281926,0.101631,0.014218,0.029567,0.046779,0.079784,0.018050,0.005368,0.075610,0.038967,0.001789,0.032227,0.015080,0.019609,0.129328,0.013251,0.083513,0.033979,0.020942,0.045769,0.239746,0.002509,0.003435,0.008946,0.212662,0.043835,0.035454,0.205502
0.010677,0.941269,0.048736,0.054437,0.024446,0.092538,0.000043,0.000076,0.000081,0.000079,0.003178,0.043433,0.052896,0.020828,0.109565,0.023437,0.018606,0.007660,0.017450,0.012475,0.002872,0.001624,0.029660,0.006269,0.001114,0.021119,0.003780,0.038966,0.043192,0.030385,0.009796,0.022089,0.021163,0.019362,0.006493,0.000922,0.004990,0.006337,0.006335,0.005448,0.029932,0.032377
0.001970,0.010758,1.022997,0.006066,0.010495,0.039361,0.000034,0.000055,0.000024,0.000053,0.008200,0.091581,0.019020,0.006972,0.032105,0.034885,0.004680,0.005944,0.005768,0.008522,0.000986,0.001475,0.026328,0.011699,0.000553,0.001143,0.004417,0.018943,0.005711,0.010088,0.006815,0.027245,0.005473,0.005499,0.014925,0.000745,0.001230,0.004095,0.008510,0.003320,0.011295,0.029284
0.002072,0.012159,0.016452,1.112049,0.010510,0.014049,0.000007,0.000019,0.000039,0.000053,0.005738,0.027808,0.062149,0.004238,0.136844,0.002275,0.005621,0.004602,0.004934,0.006441,0.001850,0.004315,0.063444,0.005530,0.000643,0.002707,0.001046,0.001421,0.023238,0.013167,0.009944,0.010539,0.016429,0.015716,0.013065,0.000264,0.001649,0.008320,0.027269,0.001811,0.000643,0.003535
0.012591,0.078375,0.136303,0.019970,1.595648,0.267113,0.000021,0.000054,0.000214,0.000033,0.021321,0.099685,0.153428,0.116231,1.480925,0.137227,0.011508,0.007817,0.013744,0.008084,0.004969,0.002666,0.056019,0.023749,0.000333,0.004092,0.002433,0.041641,0.012864,0.068792,0.012428,0.020143,0.010582,0.015921,0.083143,0.000650,0.001520,0.032921,0.111189,0.009387,0.037538,0.006906
0.003168,0.012758,0.038606,0.012538,0.007021,1.188742,0.000041,0.000146,0.000019,0.000032,0.001784,0.023550,0.008092,0.007179,0.279947,0.003198,0.000903,0.000854,0.004836,0.000185,0.002417,0.000887,0.002080,0.002556,0.000452,0.001157,0.007088,0.007684,0.014855,0.023591,0.002237,0.002279,0.001417,0.006909,0.005789,0.000340,0.004199,0.000877,0.010009,0.008753,0.000232,0.005517
0.295804,3.092674,12.693824,1.289427,0.835839,9.213003,0.648255,0.040197,0.019349,0.013407,1.478614,46.539479,8.021023,2.392616,0.800151,5.002480,0.439033,0.716283,2.107424,3.292773,0.097906,0.560403,2.277094,0.426789,0.144344,1.238150,1.472149,2.761562,10.736994,1.494192,1.262778,0.261605,0.307734,5.010400,5.519888,0.217208,0.624967,1.132056,1.364952,0.267558,0.699319,5.194699
0.941403,3.027023,6.864886,7.414129,1.263062,10.994882,0.016087,0.611481,0.067544,0.002572,0.493559,22.968070,5.768035,0.488218,15.484419,2.452431,0.659813,4.084461,0.737905,7.205984,0.565612,0.279588,5.075711,3.037683,0.215423,2.574478,0.310580,0.444059,3.429318,3.677187,0.319428,0.675818,1.746456,4.893334,1.471728,0.017529,0.121958,1.025586,3.747142,4.445389,0.617587,5.073517
2.307992,1.792481,2.504412,6.105473,0.244558,1.454608,0.029464,0.026078,0.681647,0.072735,0.204700,6.890006,1.216173,0.054574,4.106309,4.208908,0.732282,0.738392,1.418878,2.872245,0.209868,0.331055,3.098644,0.924596,0.189199,1.466128,1.076698,1.941122,4.047234,4.440441,1.791038,7.341856,0.903310,1.670055,2.789565,0.188361,0.089860,0.963112,1.861327,0.804137,0.542066,4.437340
1.825185,1.102054,13.701653,5.346479,3.590819,1.818178,0.043803,0.011876,0.108308,0.900592,0.212642,64.102580,2.215450,1.397464,34.803394,0.420990,0.699681,2.516916,0.726770,2.546804,0.578098,0.741646,5.418296,1.435130,0.171882,0.400187,1.138039,4.805920,3.902998,1.038109,2.758663,3.864945,0.830653,6.440644,3.373066,0.479331,0.259842,0.809311,4.515685,1.734652,2.574887,7.084864
0.105740,0.251553,0.577487,0.382404,0.044860,0.563666,0.001069,0.001015,0.000189,0.000416,0.841348,0.398884,0.343042,0.099898,1.552704,0.218753,0.020112,0.128023,0.130199,0.278567,0.012529,0.060941,0.032503,0.030105,0.037826,0.026831,0.005824,0.321966,0.203772,0.081470,0.126425,0.127573,0.026301,0.115444,0.134999,0.002535,0.035897,0.060250,0.169098,0.037838,0.184782,0.533357
0.001576,0.001523,0.003159,0.008524,0.000592,0.007167,0.000026,0.000010,0.000007,0.000011,0.000274,0.897839,0.009115,0.031241,0.005523,0.003825,0.001290,0.000904,0.000239,0.000436,0.000209,0.000590,0.006560,0.000385,0.000115,0.000463,0.001135,0.001102,0.006479,0.015530,0.000552,0.000574,0.000928,0.000477,0.000323,0.000075,0.000358,0.000737,0.002570,0.000095,0.001179,0.002024
0.009727,0.013595,0.029112,0.055501,0.082551,0.039535,0.000059,0.000064,0.000014,0.000048,0.001136,0.093353,1.264121,0.035451,0.139642,0.002094,0.008269,0.001848,0.006445,0.023542,0.004442,0.003146,0.032303,0.005090,0.000646,0.007798,0.002200,0.010323,0.025442,0.007704,0.003420,0.014926,0.001248,0.010766,0.014398,0.000583,0.001202,0.005448,0.015388,0.004643,0.009290,0.005631
0.004722,0.023847,0.050848,0.067977,0.042149,0.080007,0.000194,0.000013,0.000181,0.000073,0.001769,1.379727,0.049764,1.712076,0.093672,0.029467,0.005153,0.010682,0.015282,0.004311,0.001666,0.003402,0.050204,0.012466,0.000786,0.007105,0.008258,0.027806,0.022070,0.013945,0.011450,0.040825,0.002796,0.006946,0.015993,0.002765,0.005620,0.005877,0.035121,0.010500,0.007587,0.022958
0.003526,0.003577,0.005490,0.001978,0.003291,0.037534,0.000013,0.000013,0.000014,0.000007,0.001521,0.011998,0.023348,0.002005,1.515368,0.007582,0.001753,0.001285,0.001617,0.000507,0.000623,0.000846,0.009166,0.000772,0.000110,0.000359,0.000606,0.002488,0.001187,0.003402,0.001096,0.002913,0.001255,0.002760,0.004620,0.000284,0.000251,0.001474,0.002356,0.000327,0.001040,0.003296
0.015383,0.009088,0.045027,0.121761,0.005286,0.074116,0.000100,0.000040,0.000058,0.000022,0.002100,0.170244,0.097243,0.041237,0.237661,1.355271,0.029137,0.021191,0.018284,0.022551,0.001217,0.003744,0.051006,0.013814,0.000202,0.003243,0.013657,0.036350,0.077930,0.005084,0.018756,0.038291,0.017696,0.040261,0.043613,0.001166,0.001414,0.017902,0.023786,0.007800,0.015627,0.010387
0.058390,0.213842,0.489733,0.054486,0.044361,0.135176,0.000101,0.000538,0.000064,0.000246,0.016930,0.553333,0.080067,0.037617,0.471960,0.341656,0.802738,0.076297,0.072162,0.136898,0.036761,0.028141,1.906711,0.021698,0.000427,0.018443,0.109916,0.192258,0.146241,0.260900,0.077164,0.084142,0.033127,0.147099,0.239706,0.002521,0.019823,0.038904,0.023204,0.030464,0.040399,0.446196
0.014087,0.102210,0.112653,0.008616,0.004525,0.032084,0.000172,0.000059,0.000008,0.000137,0.008985,0.144441,0.181730,0.018126,0.122881,0.090340,0.013574,1.289219,0.003681,0.030153,0.008027,0.005612,0.027914,0.057760,0.022472,0.012115,0.007468,0.021928,0.013912,0.007973,0.012370,0.023310,0.064057,0.027612,0.076827,0.001939,0.009242,0.040459,0.069353,0.008480,0.009184,0.030812
0.092583,0.157487,0.462173,0.010238,0.024232,0.375965,0.000410,0.000797,0.000193,0.000357,0.013430,0.259309,0.159734,0.087549,0.211214,0.100513,0.021837,0.022111,1.194681,0.063408,0.025280,0.070406,0.096618,0.051517,0.001841,0.051043,0.036410,0.062260,0.157819,0.076643,0.093411,0.022711,0.009434,0.185793,0.364000,0.000947,0.023705,0.056430,0.125472,0.021195,0.084839,0.182846
0.006331,0.088733,0.271229,0.028124,0.072975,0.088212,0.000781,0.000128,0.000256,0.000155,0.029637,0.115169,0.281918,0.066579,0.608382,0.035366,0.013503,0.022496,0.054733,1.205573,0.020718,0.006800,0.270387,0.013907,0.001280,0.049469,0.076458,0.040666,0.147723,0.079834,0.028937,0.063410,0.013266,0.112567,0.181720,0.001191,0.018222,0.009572,0.025312,0.012518,0.062092,0.088987
0.123042,0.471941,0.197799,0.496281,0.112383,0.040750,0.000074,0.000400,0.000232,0.000944,0.058589,0.719413,0.479116,0.228618,1.230805,1.659735,0.025214,0.051484,0.085203,0.094097,1.065123,0.092608,0.269941,0.079458,0.008386,0.125219,0.050809,0.413591,0.196229,0.005130,0.045793,0.098924,0.022545,0.311319,0.174021,0.006384,0.090283,0.008906,0.016464,0.049063,0.044937,0.516059
0.152320,0.190052,0.213490,0.072281,0.096675,0.666983,0.001347,0.002358,0.000186,0.000788,0.155785,0.160803,0.107061,0.368824,2.203773,0.823652,0.038139,0.027878,0.090790,0.288098,0.044943,0.929805,0.114571,0.019073,0.009254,0.039103,0.092749,0.486084,0.149107,0.093525,0.267851,0.185153,0.041000,0.136708,0.122171,0.025784,0.024047,0.056097,0.280962,0.084666,0.090027,0.462085
0.008285,0.035545,0.055755,0.103607,0.013252,0.012747,0.000051,0.000042,0.000058,0.000009,0.004320,0.044751,0.044610,0.006398,0.069755,0.002585,0.045973,0.009455,0.003736,0.007734,0.000268,0.003323,1.220082,0.007859,0.002693,0.002813,0.002828,0.008053,0.056754,0.003165,0.016955,0.019853,0.003536,0.003778,0.013047,0.000977,0.000710,0.009515,0.015983,0.003818,0.045005,0.022392
0.044451,0.102052,0.732776,0.332365,0.039814,0.021977,0.000260,0.000627,0.000162,0.000668,0.009182,0.193604,0.104025,0.022793,0.169530,0.064814,0.010052,0.055081,0.045965,0.001296,0.007315,0.013920,0.055324,1.360208,0.012109,0.020554,0.021235,0.050650,0.089953,0.034390,0.075036,0.033442,0.007928,0.034619,0.217208,0.003384,0.019365,0.041551,0.160171,0.003511,0.016129,0.069540
0.048616,0.062578,0.543736,0.016568,0.053727,0.042989,0.000124,0.000628,0.000319,0.003056,0.036829,1.686417,0.061706,0.091584,1.650373,0.157260,0.026374,0.330378,0.043670,0.136143,0.007136,0.004618,0.721413,0.065674,1.336311,0.076028,0.072556,0.201932,0.318316,0.316206,0.156614,0.065941,0.083020,0.030364,0.088391,0.026940,0.041557,0.027594,0.027686,0.025451,0.107520,0.235521
0.040906,0.114933,0.100809,0.200997,0.068040,0.032844,0.000188,0.000330,0.001099,0.000770,0.059605,0.934770,0.486824,0.012086,0.185696,0.322302,0.084286,0.049217,0.048840,0.323626,0.021923,0.019533,0.318815,0.032534,0.004144,1.074820,0.155207,0.105015,0.137946,0.214579,0.018528,0.027332,0.055271,0.100026,0.340228,0.001882,0.043703,0.019999,0.057159,0.013288,0.099057,0.042917
0.104455,0.021656,0.169109,0.146029,0.026204,0.309421,0.000509,0.001009,0.000272,0.000098,0.007315,0.708554,0.136397,0.019288,0.443852,0.286371,0.016516,0.028966,0.020521,0.121592,0.019903,0.041336,0.026191,0.052098,0.008550,0.030575,1.123723,0.247803,0.176842,0.270268,0.109511,0.131177,0.029750,0.140613,0.114284,0.002118,0.021994,0.049372,0.048300,0.045431,0.094188,0.245031
0.036164,0.030066,0.042171,0.062954,0.021842,0.098733,0.000104,0.000013,0.000109,0.000295,0.014463,0.339531,0.076112,0.019150,0.145018,0.111426,0.069496,0.022480,0.018467,0.024071,0.004619,0.005317,0.369188,0.014012,0.001677,0.001604,0.022283,1.129939,0.018466,0.030885,0.032116,0.054529,0.017140,0.031694,0.028584,0.001675,0.002461,0.008266,0.076418,0.009250,0.004104,0.127944
0.007810,0.002704,0.007755,0.016117,0.002679,0.000605,0.000029,0.000074,0.000141,0.000031,0.002685,0.052688,0.016609,0.010738,0.070605,0.009103,0.003825,0.002362,0.002807,0.003609,0.001786,0.003548,0.104732,0.001758,0.000368,0.001724,0.007520,0.012799,1.480472,0.009997,0.005709,0.013829,0.010733,0.041353,0.014673,0.000663,0.001387,0.008459,0.011536,0.003102,0.004854,0.032034
0.019354,0.025806,0.001643,0.021366,0.004093,0.209996,0.000063,0.000128,0.000012,0.000069,0.003176,0.353076,0.013862,0.002106,0.089425,0.043363,0.002953,0.004268,0.003838,0.016210,0.002941,0.002270,0.044893,0.003793,0.000876,0.007319,0.008225,0.012586,0.093077,1.071452,0.018127,0.013765,0.007172,0.006033,0.045665,0.000146,0.001779,0.003390,0.006027,0.004420,0.009626,0.015911
0.036890,0.093797,0.269601,0.224231,0.009124,0.025535,0.000187,0.000148,0.000101,0.000425,0.012849,0.191111,0.093567,0.054141,0.296880,0.152673,0.013466,0.161477,0.015539,0.004810,0.014527,0.016303,0.112553,0.027877,0.009001,0.019446,0.014816,0.032669,0.238977,0.019409,0.987245,0.066058,0.014027,0.035117,0.065863,0.008718,0.016480,0.038837,0.046133,0.006497,0.043689,0.027569
0.023212,0.032116,0.055420,0.133660,0.009144,0.084412,0.000051,0.000056,0.000281,0.000036,0.017465,0.036574,0.020483,0.008452,0.101658,0.006230,0.019616,0.011571,0.015219,0.002107,0.008847,0.012878,0.046766,0.005748,0.001697,0.004467,0.018012,0.092779,0.007850,0.008528,0.031383,0.898574,0.009321,0.010193,0.072508,0.001265,0.011440,0.014699,0.138884,0.010264,0.007196,0.118530
0.009935,0.079849,0.264488,0.030416,0.008708,0.035066,0.000085,0.000045,0.000235,0.000197,0.013745,0.303985,0.096618,0.037754,0.220303,0.114480,0.015859,0.076961,0.028829,0.031572,0.020102,0.002031,0.140777,0.014798,0.002109,0.020867,0.004261,0.055945,0.228271,0.083343,0.091813,0.028914,1.001651,0.149641,0.060726,0.003986,0.019858,0.015871,0.052680,0.001257,0.019307,0.097546
0.033035,0.029413,0.314889,0.124020,0.011396,0.062729,0.000809,0.000309,0.000071,0.000162,0.005369,0.079574,0.029729,0.013485,0.604725,0.091498,0.011912,0.015586,0.001402,0.015429,0.003597,0.007400,0.139764,0.013940,0.006162,0.007045,0.018730,0.007842,0.181199,0.009412,0.039009,0.020781,0.022794,1.045064,0.086626,0.000646,0.011388,0.033087,0.111541,0.001066,0.033723,0.024262
0.025574,0.013383,0.316594,0.022289,0.004567,0.031679,0.000192,0.000129,0.000178,0.000263,0.004259,0.053398,0.087980,0.018478,0.228498,0.041246,0.027015,0.003336,0.019513,0.042507,0.013673,0.019527,0.255278,0.003763,0.001931,0.024385,0.015666,0.025450,0.023935,0.040451,0.013566,0.009030,0.014518,0.016161,0.956352,0.003108,0.005274,0.013403,0.278412,0.025515,0.008593,0.012031
0.277462,0.333703,2.289775,1.010291,0.137667,0.792309,0.002734,0.002811,0.003750,0.000795,0.017866,1.225205,1.748770,0.032050,0.597091,0.647379,0.066476,0.278674,0.079161,0.200867,0.047419,0.062071,1.547037,0.032943,0.205446,0.074589,0.099411,0.010701,0.120910,0.262877,0.466808,0.198214,0.132048,0.476485,0.154885,1.585923,0.030745,0.221317,2.414846,0.066267,0.027808,0.266326
0.137528,0.150556,0.982851,0.350672,0.038600,0.146309,0.001307,0.001123,0.000049,0.000606,0.027076,0.938009,0.178060,0.112464,0.798910,0.018054,0.008258,0.043771,0.049417,0.261664,0.018223,0.028677,0.130432,0.034668,0.018492,0.058926,0.128722,0.139889,0.048387,0.115772,0.088741,0.135383,0.043455,0.058848,0.322655,0.011957,1.027737,0.017467,0.094878,0.034026,0.053515,0.484342
0.009833,0.041423,0.398176,0.171955,0.055284,0.424547,0.000060,0.000091,0.000092,0.000160,0.007760,0.242898,0.181916,0.033960,1.165551,0.258402,0.040258,0.112091,0.030223,0.100072,0.016163,0.013809,0.044102,0.100985,0.000500,0.017578,0.025991,0.088481,0.179147,0.101807,0.234672,0.035632,0.141540,0.036288,0.089867,0.002326,0.011011,1.337590,0.095904,0.009047,0.012490,0.025612
0.004689,0.025743,0.110877,0.150384,0.004502,0.051778,0.000061,0.000053,0.000181,0.000013,0.003114,0.151521,0.085951,0.021924,0.390232,0.029569,0.011283,0.011899,0.014890,0.005118,0.001387,0.007603,0.639552,0.017056,0.001077,0.015224,0.015108,0.001321,0.041019,0.013838,0.009367,0.095752,0.003127,0.002314,0.048356,0.000763,0.001566,0.025730,1.598998,0.008883,0.010016,0.042311
0.007950,0.217912,0.075709,0.237671,0.020952,0.126951,0.000120,0.000091,0.000363,0.000650,0.034217,0.125206,0.227181,0.090678,0.022831,0.092717,0.001516,0.026000,0.045778,0.118464,0.023934,0.002131,0.723465,0.025277,0.006699,0.028878,0.064565,0.064313,0.063063,0.024251,0.083601,0.040998,0.092847,0.161224,0.439296,0.002060,0.022370,0.017916,0.055542,1.288162,0.055292,0.185858
0.061022,0.075704,0.470580,0.011020,0.017631,0.715825,0.000257,0.000047,0.000139,0.000086,0.013862,0.323362,0.307226,0.025558,0.205592,0.009128,0.118001,0.011883,0.011287,0.177009,0.005463,0.026301,0.195883,0.040473,0.002008,0.044504,0.084625,0.076203,0.170143,0.052594,0.079501,0.140567,0.026740,0.053607,0.160986,0.002019,0.010901,0.032990,0.119528,0.046549,0.994514,0.209713
0.003062,0.038368,0.138894,0.057715,0.030747,0.026776,0.000316,0.000433,0.000049,0.000085,0.006755,0.410209,0.001579,0.091983,0.235944,0.066217,0.011645,0.006653,0.014495,0.064385,0.011149,0.002347,0.126761,0.017604,0.002294,0.009477,0.026212,0.071905,0.022370,0.013405,0.007384,0.043943,0.046502,0.052907,0.029529,0.006692,0.005107,0.026036,0.060805,0.042270,0.068495,0.933563
