--- METRICS AND THRESHOLDS ---

Best Lags: 2
Lasso Pruning Threshold: 0.0500

--- FINAL SCORES (after pruning with F1-Max threshold) ---

Final F1 Score after pruning: 0.0465
Final Accuracy after pruning: 0.9762
Final AUROC after pruning: 0.4498
--- EDGE ANALYSIS ---

Number of edges in ground truth (labels): 42.0
Number of correctly predicted edges (True Positives): 10
Number of correct non-edges (True Negatives): 1139
Number of incorrectly predicted edges (False Positives): 583
Number of correct edges not predicted (False Negatives): 32

--- ORDER ANALYSIS---

Predicted Causal Order: [8, 28, 24, 4, 6, 9, 11, 17, 29, 5, 7, 13, 14, 18, 33, 35, 10, 36, 20, 31, 39, 0, 26, 27, 16, 3, 21, 22, 12, 25, 15, 34, 23, 2, 30, 1, 19, 38, 32, 37, 40, 41]
True Causal Order: [5, 3, 29, 14, 15, 22, 38, 1, 2, 9, 19, 31, 0, 12, 17, 23, 30, 27, 26, 28, 34, 37, 41, 4, 10, 11, 13, 16, 18, 21, 25, 33, 36, 40, 20, 24, 32, 39, 8, 35, 7, 6]
Number of wrongly ordered cause-effect pairs: 26

==================================================

--- SUMMARY MATRIX ---
(Represents the max causal effect across all lags after pruning)

[[1 1 0 ... 0 0 1]
 [1 1 1 ... 1 1 1]
 [1 0 1 ... 0 1 1]
 ...
 [0 1 0 ... 1 0 0]
 [1 0 0 ... 1 1 1]
 [0 1 1 ... 1 1 1]]

==================================================

--- EFFECT SUMMARY MATRIX ---
(Represents the max causal effect across all lags before pruning)

0.833927,0.113805,0.000000,0.000000,0.000000,0.000000,0.000000,0.000000,0.000000,0.000000,0.022267,0.000000,0.000000,0.000000,0.000000,0.000000,0.000000,0.000000,0.009935,0.047423,0.000000,0.000000,0.000000,0.000000,0.000000,0.021757,0.000000,0.053622,0.000000,0.000000,0.014122,0.000000,0.000000,0.000000,0.118641,0.000912,0.000000,0.000000,0.035131,0.000000,0.000000,0.022930
0.018601,0.857527,0.038815,0.019913,0.011576,0.028140,0.000000,0.000000,0.000000,0.000092,0.012275,0.000000,0.000000,0.000746,0.079921,0.000871,0.016364,0.000000,0.005081,0.058260,0.007125,0.000000,0.000000,0.006739,0.000000,0.011134,0.000000,0.018875,0.001627,0.000000,0.009244,0.000000,0.000000,0.000000,0.027221,0.001461,0.000000,0.001811,0.000000,0.015365,0.005386,0.027591
0.014394,0.000000,0.974729,0.027387,0.004142,0.036678,0.000000,0.000019,0.000000,0.000000,0.007149,0.028900,0.000000,0.009514,0.000000,0.035655,0.000000,0.003746,0.000000,0.001074,0.002751,0.002611,0.014998,0.007315,0.000417,0.000000,0.001318,0.005201,0.000000,0.000000,0.005896,0.026545,0.000000,0.018832,0.034757,0.000000,0.003648,0.000000,0.014960,0.000000,0.004203,0.005897
0.000000,0.000000,0.000000,1.045879,0.026904,0.000000,0.000000,0.000000,0.000000,0.000005,0.005118,0.048028,0.012674,0.000000,0.000000,0.007533,0.002793,0.000000,0.000000,0.000581,0.000000,0.000000,0.018761,0.000000,0.000000,0.000000,0.000000,0.000000,0.000000,0.000000,0.000000,0.000000,0.004043,0.007330,0.000000,0.000223,0.000000,0.002679,0.016275,0.000000,0.000000,0.000000
0.000000,0.000000,0.000000,0.000000,1.610206,0.000000,0.000000,0.000000,0.000000,0.000000,0.000000,0.000000,0.000000,0.015965,0.656904,0.000000,0.000000,0.000000,0.000000,0.000000,0.000000,0.000000,0.000000,0.000000,0.000000,0.000000,0.000000,0.000000,0.000000,0.016303,0.000000,0.000000,0.000000,0.000000,0.000000,0.000000,0.000000,0.000000,0.027143,0.000000,0.000000,0.000000
0.000000,0.000000,0.000000,0.000000,0.000000,1.191277,0.000000,0.000000,0.000000,0.000000,0.001334,0.000000,0.000000,0.000000,0.000000,0.006646,0.000000,0.000000,0.000000,0.000000,0.000000,0.000000,0.000000,0.000000,0.000000,0.000000,0.000711,0.000000,0.000069,0.000000,0.000000,0.000000,0.000000,0.000000,0.000000,0.000000,0.000000,0.000816,0.000000,0.000559,0.000000,0.000000
0.000000,0.000000,0.000000,0.000000,1.026797,0.000000,0.545517,0.000000,0.000000,0.000000,0.000000,0.000000,0.000000,0.000000,0.000000,1.712587,0.000000,0.000000,0.000000,0.000000,0.000000,0.000000,0.000000,0.000000,0.000000,0.000000,0.000000,0.000000,0.000000,0.000000,0.000000,0.000000,0.000000,0.000000,0.000000,0.000000,0.000000,0.000000,0.000000,0.410832,0.652067,0.380742
0.000000,0.000000,0.000000,2.680984,0.000000,0.425737,0.000000,0.480429,0.000000,0.000000,0.000000,0.000000,0.000000,0.000000,0.000000,0.000000,0.000000,1.187944,0.000000,0.809202,0.000000,0.000000,0.000000,0.000000,0.000000,0.000000,0.000000,0.000000,0.000000,0.000000,0.000000,0.000000,0.000000,0.000000,0.000000,0.000000,0.000000,0.255522,0.000000,0.056432,0.000000,0.000000
0.000000,0.000000,0.000000,0.000000,0.000000,0.000000,0.000000,0.001366,0.623569,0.000000,0.000000,0.000000,0.000000,0.000000,0.000000,0.000000,0.000000,0.000000,0.000000,0.000000,0.000000,0.000000,0.000000,0.000000,0.101648,0.000000,0.000000,0.000000,0.000000,0.000000,0.000000,0.000000,0.000000,0.000000,0.000000,0.000000,0.000000,0.000000,0.000000,0.000000,0.000000,0.000000
0.000000,0.000000,0.000000,0.000000,0.000000,0.775326,0.000000,0.000000,0.010101,0.789443,0.000000,0.000000,0.000000,0.435296,0.000000,0.000000,0.000000,0.000000,0.000000,0.000000,0.000000,0.000000,0.000000,0.000000,0.000000,0.000000,0.000000,0.000000,0.000000,0.625448,0.000000,0.000000,0.000000,0.000000,0.000000,0.000000,0.000000,0.070145,0.000000,0.000000,0.000000,0.000000
0.146281,0.000000,0.000000,0.000000,0.000000,0.000000,0.000000,0.000000,0.000000,0.000000,0.771793,0.000000,0.000000,0.065685,0.000000,0.047063,0.000000,0.000000,0.000000,0.191902,0.000000,0.000000,0.000000,0.001367,0.010014,0.000000,0.000000,0.000000,0.000000,0.000000,0.000000,0.051589,0.000000,0.000000,0.000000,0.008493,0.000000,0.000000,0.000000,0.000000,0.000000,0.211294
0.000000,0.000000,0.000000,0.000000,0.000000,0.000000,0.000000,0.000000,0.000000,0.000000,0.000000,0.979144,0.000894,0.029679,0.000000,0.000000,0.000000,0.000000,0.000071,0.000000,0.000000,0.000000,0.000000,0.000000,0.000000,0.000000,0.000000,0.000000,0.000000,0.000336,0.000000,0.000000,0.000000,0.000000,0.000000,0.000000,0.000000,0.000000,0.000000,0.000000,0.000000,0.000000
0.006360,0.000000,0.025245,0.001756,0.050001,0.000000,0.000000,0.000000,0.000000,0.000000,0.000131,0.000000,1.196650,0.005056,0.000000,0.000000,0.004786,0.000000,0.000000,0.013657,0.000000,0.000000,0.000346,0.000000,0.000000,0.001921,0.000000,0.000000,0.000000,0.000000,0.004775,0.003734,0.000000,0.000000,0.000000,0.000596,0.000000,0.001073,0.005198,0.000000,0.000000,0.000000
0.000000,0.000000,0.000000,0.000000,0.007424,0.000000,0.000000,0.000000,0.000036,0.000000,0.000000,1.029105,0.034961,1.387802,0.000000,0.023141,0.000000,0.000000,0.002483,0.000000,0.000000,0.000000,0.000000,0.000000,0.000000,0.000000,0.000000,0.000000,0.000000,0.000000,0.000000,0.000000,0.000000,0.000000,0.000000,0.000000,0.000525,0.000000,0.010611,0.000000,0.000000,0.006094
0.000000,0.000000,0.008080,0.000000,0.000000,0.000000,0.000000,0.000000,0.000000,0.000000,0.000463,0.000000,0.000000,0.000544,1.473262,0.004411,0.000000,0.000000,0.000000,0.000000,0.000000,0.000304,0.000000,0.000000,0.000000,0.000000,0.000414,0.000000,0.000000,0.000000,0.000000,0.000000,0.000000,0.000000,0.000000,0.000000,0.000000,0.000000,0.016689,0.000000,0.000000,0.000000
0.000000,0.000000,0.000000,0.005721,0.025160,0.019873,0.000000,0.000000,0.000000,0.000073,0.000000,0.000000,0.000000,0.012490,0.000000,1.159929,0.039283,0.000000,0.000000,0.025911,0.000000,0.000000,0.075199,0.002785,0.000000,0.003892,0.000000,0.000000,0.000432,0.019940,0.000000,0.000000,0.000000,0.006743,0.000000,0.000572,0.000000,0.017924,0.064008,0.009178,0.017180,0.000000
0.000000,0.000000,0.000000,0.000000,0.167486,0.000000,0.000000,0.000000,0.000000,0.000000,0.000000,0.000000,0.000000,0.000000,0.000000,0.372446,0.702960,0.000000,0.000000,0.105826,0.043900,0.000000,2.016707,0.000000,0.000000,0.000000,0.181622,0.000000,0.000000,0.000000,0.017812,0.000000,0.000000,0.000000,0.314195,0.000000,0.000000,0.121466,0.403211,0.016581,0.000000,0.000000
0.000000,0.000000,0.000000,0.000000,0.003488,0.006347,0.000000,0.000000,0.000000,0.000000,0.000000,0.000000,0.000000,0.000000,0.000000,0.000000,0.000000,1.316859,0.000000,0.004106,0.000000,0.000000,0.000000,0.009583,0.058425,0.000000,0.000000,0.000000,0.000000,0.000000,0.000000,0.000000,0.006254,0.000000,0.000000,0.000000,0.000000,0.000000,0.000000,0.000000,0.000000,0.000000
0.000000,0.000000,0.000000,0.000000,0.000000,0.007106,0.000000,0.000107,0.000000,0.000004,0.021067,0.000000,0.000000,0.000000,0.000000,0.000000,0.000000,0.000000,1.071972,0.000000,0.010649,0.000000,0.000000,0.009978,0.000000,0.000000,0.000000,0.000000,0.000000,0.000000,0.000000,0.000000,0.000000,0.000000,0.080196,0.000000,0.002225,0.016119,0.000000,0.000000,0.000000,0.000000
0.000000,0.044466,0.216167,0.000000,0.052717,0.000000,0.000633,0.000000,0.000026,0.000000,0.022310,0.000000,0.086174,0.000000,0.000000,0.000000,0.000000,0.000000,0.008391,1.036497,0.023571,0.010726,0.200243,0.009240,0.009292,0.026111,0.048924,0.000000,0.014992,0.000000,0.019286,0.036978,0.000000,0.103491,0.063864,0.000235,0.000000,0.014936,0.131859,0.032281,0.031635,0.000000
0.000000,0.000000,0.000000,0.000000,0.000000,0.000000,0.000000,0.000000,0.000000,0.000008,0.000000,0.000000,0.000000,0.000000,0.000000,0.911421,0.000000,0.000000,0.034657,0.000000,0.990822,0.000000,0.000000,0.000000,0.000000,0.204344,0.026401,0.270831,0.186338,0.000000,0.000000,0.077960,0.000000,0.214920,0.000000,0.005929,0.043318,0.000000,0.000000,0.004444,0.000000,0.000000
0.152167,0.000000,0.501783,0.107738,0.019488,0.000000,0.000000,0.000000,0.000000,0.000365,0.125700,0.000000,0.000000,0.000000,9.840647,0.231647,0.000000,0.017977,0.097266,0.275436,0.011932,0.926041,0.000000,0.000000,0.000000,0.032317,0.027009,0.250237,0.003208,0.051671,0.000000,0.138541,0.000000,0.000000,0.094451,0.000000,0.000000,0.000000,0.000000,0.251561,0.000000,0.065532
0.000000,0.000000,0.000000,0.092009,0.016175,0.000000,0.000000,0.000000,0.000000,0.000000,0.000000,0.000000,0.126608,0.027440,0.000000,0.000000,0.042421,0.000000,0.001092,0.000000,0.000000,0.003009,1.080596,0.005050,0.000000,0.000000,0.000000,0.022569,0.000000,0.000000,0.000000,0.012812,0.000000,0.000000,0.000000,0.000173,0.000000,0.000000,0.032929,0.000000,0.038459,0.025655
0.000000,0.000000,0.598748,0.000000,0.000000,0.000000,0.000000,0.000012,0.000084,0.000000,0.000000,0.000000,0.000000,0.000000,0.000000,0.006198,0.000000,0.005143,0.007813,0.015849,0.000000,0.000000,0.000000,1.302300,0.006782,0.000000,0.000000,0.097508,0.000000,0.010407,0.034897,0.000000,0.000000,0.000000,0.053807,0.003042,0.001647,0.024328,0.015007,0.000000,0.000000,0.000000
0.000000,0.000000,0.000000,0.000000,0.000000,0.000000,0.000000,0.000000,0.000000,0.000198,0.000000,0.000000,0.000000,0.000000,0.000000,0.000000,0.000000,0.000000,0.000000,0.000000,0.000000,0.000000,0.000000,0.016320,1.383173,0.000000,0.000000,0.000000,0.000000,0.000000,0.000000,0.000000,0.000000,0.000000,0.000000,0.000000,0.000000,0.000000,0.000000,0.000000,0.005986,0.000000
0.000000,0.000000,0.000000,0.026740,0.000000,0.000000,0.000000,0.000268,0.000314,0.000114,0.061154,0.000000,0.154609,0.021740,0.000000,0.254943,0.071908,0.000000,0.000000,0.257582,0.000000,0.000000,0.000000,0.000000,0.000000,1.002737,0.111949,0.026271,0.000000,0.000000,0.000000,0.327479,0.000000,0.000000,0.408079,0.008045,0.016462,0.000000,0.000000,0.000358,0.068188,0.078287
0.047918,0.000000,0.046128,0.000000,0.054164,0.179267,0.000000,0.000665,0.000000,0.000105,0.000000,0.000000,0.000000,0.008971,0.328893,0.131992,0.000000,0.000000,0.000000,0.235616,0.022739,0.000000,0.000000,0.026016,0.007329,0.064538,1.056657,0.000000,0.000000,0.096608,0.000000,0.102043,0.000000,0.000000,0.297443,0.002020,0.005499,0.000000,0.000000,0.000000,0.000000,0.014294
0.000670,0.000000,0.000000,0.000000,0.000000,0.048235,0.000000,0.000000,0.000000,0.000079,0.014051,0.000000,0.000000,0.000000,0.353335,0.176676,0.048766,0.000665,0.000000,0.028617,0.000000,0.000000,0.095745,0.000000,0.000000,0.000000,0.019583,1.078400,0.000000,0.000650,0.000000,0.039865,0.000000,0.057611,0.000000,0.000000,0.002301,0.000000,0.037911,0.000000,0.000000,0.130120
0.000000,0.000000,0.000000,0.000000,0.000000,0.000000,0.000000,0.000000,0.000004,0.000000,0.000000,0.000000,0.000000,0.000000,0.000000,0.000000,0.000000,0.000000,0.000000,0.000000,0.000000,0.000000,0.000000,0.000000,0.000000,0.000000,0.000000,0.000000,1.404051,0.000000,0.002256,0.000000,0.000000,0.000000,0.000000,0.000000,0.000000,0.000000,0.000000,0.000000,0.000000,0.000000
0.000000,0.000000,0.000000,0.000000,0.000000,0.066930,0.000000,0.000000,0.000000,0.000000,0.003778,0.029743,0.000000,0.000567,0.000000,0.000000,0.000000,0.000000,0.000000,0.000849,0.000000,0.000000,0.000000,0.000000,0.000000,0.000000,0.000000,0.000000,0.000000,0.950161,0.000000,0.000000,0.000000,0.000000,0.000000,0.000000,0.000000,0.000000,0.000000,0.000000,0.000000,0.000000
0.008985,0.119341,0.186393,0.111963,0.000000,0.000000,0.000032,0.000000,0.000031,0.000012,0.017504,0.000000,0.000000,0.010293,0.000000,0.026257,0.014673,0.282558,0.000000,0.000000,0.002891,0.000000,0.110288,0.019102,0.004466,0.005525,0.000000,0.000000,0.010977,0.000000,0.964103,0.095882,0.000000,0.012706,0.000000,0.000354,0.006137,0.010108,0.000000,0.000000,0.021750,0.053388
0.000000,0.000000,0.019454,0.002957,0.017947,0.000000,0.000000,0.000000,0.000000,0.000000,0.006174,0.000000,0.000000,0.000000,0.000000,0.017311,0.000000,0.000000,0.000000,0.000000,0.000000,0.000000,0.088486,0.000000,0.000000,0.000000,0.000000,0.042366,0.000000,0.000000,0.000000,0.849375,0.000000,0.000000,0.000000,0.001125,0.000000,0.000000,0.012941,0.000000,0.000000,0.039815
0.000000,0.000000,0.167403,0.000000,0.000000,0.000000,0.000000,0.000000,0.000000,0.000000,0.009879,0.000000,0.000000,0.000000,0.000000,0.068263,0.000000,0.010780,0.000000,0.000169,0.012099,0.000000,0.091650,0.000000,0.000000,0.000000,0.000000,0.000000,0.000000,0.000000,0.199842,0.000000,0.998332,0.000000,0.071603,0.000674,0.003492,0.000000,0.057904,0.000000,0.021467,0.012679
0.011270,0.000000,0.000000,0.000000,0.008123,0.005937,0.000059,0.000000,0.000000,0.000000,0.000000,0.000000,0.000000,0.000000,0.000000,0.075292,0.000000,0.000000,0.000000,0.004177,0.000000,0.000000,0.000000,0.003740,0.000000,0.000000,0.000000,0.000000,0.107973,0.000000,0.000000,0.000000,0.000000,0.955235,0.000000,0.000000,0.000000,0.014156,0.040422,0.000000,0.000000,0.000000
0.017404,0.000000,0.197908,0.000000,0.000000,0.000000,0.000432,0.000000,0.000000,0.000000,0.006857,0.000000,0.000000,0.000000,0.000000,0.086543,0.021324,0.000000,0.017651,0.036255,0.004901,0.009383,0.120107,0.000000,0.000000,0.027292,0.015265,0.000000,0.000000,0.000000,0.032193,0.000000,0.000000,0.000000,0.939479,0.002398,0.000000,0.010175,0.230800,0.028785,0.000000,0.000000
0.000000,0.000000,0.772236,0.000000,0.204789,0.000000,0.000000,0.000204,0.000000,0.000192,0.000000,0.000000,0.000000,0.000000,0.000000,0.257277,0.000000,0.000000,0.000000,0.000000,0.000000,0.000000,3.843226,0.000000,0.004538,0.000000,0.000000,0.000000,0.000000,0.000000,0.000000,0.000000,0.000000,0.061921,0.000000,1.506418,0.000000,0.000000,0.563216,0.000000,0.000000,0.024445
0.000000,0.000000,0.000000,0.000000,0.000000,0.000000,0.000000,0.000055,0.000000,0.000000,0.010546,0.000000,0.000000,0.024111,0.000000,0.007001,0.000000,0.011125,0.000000,0.000000,0.019606,0.000000,0.000000,0.126821,0.000000,0.045039,0.001041,0.000000,0.000000,0.000000,0.000000,0.000000,0.000000,0.000000,0.000000,0.000817,1.002779,0.000000,0.000000,0.000000,0.000000,0.000000
0.000000,0.000000,0.514684,0.175255,0.012077,0.122179,0.000000,0.000000,0.000123,0.000000,0.000000,0.000000,0.000000,0.000000,0.861854,0.259780,0.055687,0.039454,0.028975,0.094560,0.005254,0.015003,0.172182,0.073170,0.000603,0.000000,0.000000,0.054227,0.000000,0.000000,0.236316,0.000000,0.112704,0.038981,0.062872,0.000000,0.000000,1.345564,0.115578,0.010484,0.000000,0.017206
0.009061,0.024493,0.042522,0.030589,0.005165,0.000000,0.000000,0.000000,0.000011,0.000010,0.005843,0.000000,0.065384,0.112575,0.378022,0.007434,0.018650,0.004447,0.000000,0.002640,0.002996,0.006126,0.497462,0.036531,0.000000,0.003976,0.003268,0.013058,0.000000,0.004640,0.031126,0.050206,0.000000,0.000000,0.043734,0.002875,0.002249,0.014907,1.598623,0.004573,0.000000,0.029894
0.000000,0.052246,0.000000,0.040767,0.018912,0.000000,0.000000,0.000000,0.000000,0.000000,0.030882,0.000000,0.000000,0.151027,0.000000,0.000000,0.000000,0.000000,0.000000,0.125058,0.029498,0.000000,0.791314,0.000000,0.000000,0.000000,0.000000,0.000000,0.000000,0.000000,0.007412,0.000000,0.034736,0.000000,0.068791,0.000000,0.000000,0.000000,0.000000,1.299361,0.000000,0.000000
0.037019,0.000000,0.000000,0.000000,0.000000,0.001870,0.000000,0.000000,0.000000,0.000040,0.000000,0.000000,0.000000,0.000000,0.000000,0.081306,0.091426,0.000000,0.000000,0.148413,0.000000,0.005076,0.204686,0.000956,0.000000,0.063207,0.034055,0.000000,0.000000,0.000000,0.000016,0.006482,0.000000,0.040022,0.257313,0.000000,0.000192,0.034944,0.052866,0.038023,0.891627,0.086577
0.000000,0.019848,0.055987,0.000000,0.014517,0.000000,0.000000,0.000019,0.000000,0.000000,0.012601,0.000000,0.125230,0.010375,0.000000,0.146251,0.000000,0.000000,0.000000,0.052686,0.004263,0.000000,0.034785,0.000000,0.000417,0.000000,0.011001,0.034254,0.000000,0.000000,0.000000,0.000000,0.032461,0.004345,0.023857,0.000000,0.000000,0.007420,0.172373,0.032966,0.047385,0.818328
