--- METRICS AND THRESHOLDS ---

Best Lags: 1
Best Threshold (from F1-Max): 0.0000
Best Threshold (from Accuracy-Max): 561.4549

--- FINAL SCORES (after pruning with F1-Max threshold) ---

Final F1 Score after pruning: 0.1730
Final Accuracy after pruning: 0.9053
Final AUROC after pruning: 0.4873
--- EDGE ANALYSIS ---

Number of edges in ground truth (labels): 16.0
Number of correctly predicted edges (True Positives): 2
Number of correct non-edges (True Negatives): 130
Number of incorrectly predicted edges (False Positives): 23
Number of correct edges not predicted (False Negatives): 14

--- ORDER ANALYSIS---

Predicted Causal Order: [6, 9, 8, 3, 1, 0, 4, 5, 11, 10, 12, 7, 2]
True Causal Order: [12, 10, 4, 2, 0, 3, 1, 11, 9, 7, 5, 8, 6]
Number of wrongly ordered cause-effect pairs: 8

==================================================

--- SUMMARY MATRIX ---
(Represents the max causal effect across all lags after pruning)

[[0 0 0 0 0 0 0 0 0 0 0 0 0]
 [0 0 0 1 0 0 0 0 0 0 0 0 0]
 [1 1 0 0 0 1 1 1 0 0 1 0 0]
 [0 0 0 0 0 0 0 0 1 0 0 0 0]
 [0 1 0 0 0 0 1 0 0 0 0 0 0]
 [1 0 0 0 0 0 0 0 0 0 0 0 0]
 [0 0 0 0 0 0 0 0 0 0 0 0 0]
 [1 1 0 0 0 1 1 0 1 0 0 0 0]
 [0 0 0 0 0 0 1 0 0 0 0 0 0]
 [0 0 0 0 0 0 1 0 0 0 0 0 0]
 [0 0 0 0 0 0 0 0 0 0 0 0 0]
 [0 0 0 0 0 0 1 0 0 0 0 0 0]
 [0 1 0 1 0 0 1 0 1 0 1 1 0]]

==================================================

--- EFFECT SUMMARY MATRIX ---
(Represents the max causal effect across all lags before pruning)

0.000000,0.000000,0.000000,0.002724,0.000000,0.000000,0.001232,0.000000,0.000000,0.000000,0.000000,0.000000,0.000000
0.000000,0.000000,0.000000,0.297562,0.000000,0.000000,0.076522,0.000000,0.056500,0.000000,0.000000,0.000000,0.000000
6.665340,0.344506,0.000000,0.064993,0.000202,1.453382,0.135960,0.353394,0.076252,0.000000,0.117008,0.024831,0.037695
0.000000,0.000000,0.000000,0.000000,0.000000,0.000000,0.000000,0.000000,0.509195,0.000000,0.000000,0.000000,0.000000
0.000000,561.454931,0.000000,0.000000,0.000000,0.000000,23.515838,0.000000,0.000000,0.000000,0.000000,0.000000,0.000000
0.933238,0.000000,0.000000,0.000000,0.000000,0.000000,0.000000,0.000000,0.000000,0.000000,0.000000,0.000000,0.000000
0.000000,0.000000,0.000000,0.000000,0.000000,0.000000,0.000000,0.000000,0.000000,0.000000,0.000000,0.000000,0.000000
7.379696,0.118341,0.000000,0.072213,0.000000,4.430894,0.118056,0.000000,0.118339,0.000101,0.000000,0.000000,0.051290
0.000000,0.000000,0.000000,0.000000,0.000000,0.000000,1.851674,0.000000,0.000000,0.000491,0.000000,0.000000,0.000000
0.000000,0.000000,0.000000,0.000000,0.000000,0.000000,305.381601,0.000000,0.000000,0.000000,0.000000,0.000000,0.000000
0.000000,0.000000,0.000000,0.018519,0.000000,0.000000,0.000000,0.000000,0.000000,0.000000,0.000000,0.013501,0.000000
0.000000,0.000000,0.000000,0.074143,0.000000,0.000000,0.247962,0.000000,0.000000,0.000000,0.000000,0.000000,0.000000
0.000000,0.478876,0.000000,0.147379,0.000000,0.000000,0.339853,0.000000,0.450387,0.000454,1.225677,1.214953,0.000000
