--- METRICS AND THRESHOLDS ---

Best Lags: 1
Best Threshold (from F1-Max): 0.0001
Best Threshold (from Accuracy-Max): 614.2753

--- FINAL SCORES (after pruning with F1-Max threshold) ---

Final F1 Score after pruning: 0.1730
Final Accuracy after pruning: 0.9053
Final AUROC after pruning: 0.4438
--- EDGE ANALYSIS ---

Number of edges in ground truth (labels): 16.0
Number of correctly predicted edges (True Positives): 5
Number of correct non-edges (True Negatives): 88
Number of incorrectly predicted edges (False Positives): 65
Number of correct edges not predicted (False Negatives): 11

--- ORDER ANALYSIS---

Predicted Causal Order: [0, 5, 10, 6, 1, 8, 3, 11, 2, 7, 12, 4, 9]
True Causal Order: [12, 10, 4, 2, 0, 3, 1, 11, 9, 7, 5, 8, 6]
Number of wrongly ordered cause-effect pairs: 9

==================================================

--- SUMMARY MATRIX ---
(Represents the max causal effect across all lags after pruning)

[[1 0 0 0 0 0 0 0 0 0 0 0 0]
 [1 0 0 1 0 1 0 0 0 0 0 0 0]
 [1 1 1 0 0 1 1 1 0 0 1 0 0]
 [1 1 0 0 0 1 1 0 1 0 1 0 0]
 [1 1 1 1 0 1 1 1 1 0 1 1 1]
 [1 0 0 0 0 1 0 0 0 0 0 0 0]
 [1 0 0 0 0 1 0 0 0 0 1 0 0]
 [1 1 1 0 0 1 1 1 1 0 0 0 0]
 [0 1 0 0 0 1 1 0 0 0 0 0 0]
 [1 1 1 1 0 1 1 1 1 0 1 1 1]
 [1 0 0 0 0 1 0 0 0 0 0 0 0]
 [1 0 1 0 0 1 1 0 0 0 1 0 0]
 [1 1 1 1 0 0 1 1 1 0 1 1 0]]

==================================================

--- EFFECT SUMMARY MATRIX ---
(Represents the max causal effect across all lags before pruning)

0.128888,0.001281,0.011695,0.002724,0.000001,0.078224,0.001326,0.010162,0.000166,0.000001,0.001568,0.000889,0.000183
0.432264,0.014277,0.002248,0.297562,0.000005,0.283724,0.076522,0.029104,0.056500,0.000038,0.004863,0.007723,0.003295
6.665340,0.344506,0.163361,0.064993,0.000202,1.453382,0.135960,0.353394,0.076252,0.000039,0.117008,0.024831,0.037695
2.170122,0.168738,0.061161,0.055075,0.000089,0.221444,0.102149,0.028256,0.509195,0.000132,0.418525,0.001249,0.014562
614.275301,561.454931,27.137583,5.657220,0.003815,24.230733,23.515838,44.700087,1.093983,0.028841,40.564042,11.148515,12.644520
0.933238,0.002717,0.012240,0.001046,0.000000,0.109894,0.000617,0.008682,0.001376,0.000001,0.000572,0.001315,0.000552
8.197121,0.035176,0.074790,0.020002,0.000173,0.553513,0.053708,0.056358,0.001114,0.000193,0.174740,0.031036,0.002505
7.379696,0.118341,0.376825,0.072213,0.000020,4.430894,0.118056,0.256495,0.118339,0.000101,0.033713,0.007315,0.051290
0.055019,0.120023,0.064382,0.013260,0.000232,1.417157,1.851674,0.027131,0.020769,0.000491,0.074302,0.019138,0.004312
505.407813,42.170851,37.949086,8.801979,0.027687,77.497485,305.381601,13.267958,18.016615,0.069236,89.129427,3.849868,5.117529
0.202139,0.002789,0.039257,0.018519,0.000005,0.258966,0.008770,0.021340,0.000302,0.000014,0.008279,0.013501,0.003166
1.001748,0.098908,0.263405,0.074143,0.000057,0.853237,0.247962,0.011642,0.019244,0.000055,0.303487,0.061893,0.025075
1.092664,0.478876,0.231431,0.147379,0.000026,0.080883,0.339853,0.423176,0.450387,0.000454,1.225677,1.214953,0.026836
