--- METRICS AND THRESHOLDS ---

Best Lags: 1
Lasso Pruning Threshold: 0.0500

--- FINAL SCORES (after pruning with F1-Max threshold) ---

Final F1 Score after pruning: 0.1730
Final Accuracy after pruning: 0.9053
Final AUROC after pruning: 0.5204
--- EDGE ANALYSIS ---

Number of edges in ground truth (labels): 16.0
Number of correctly predicted edges (True Positives): 4
Number of correct non-edges (True Negatives): 121
Number of incorrectly predicted edges (False Positives): 32
Number of correct edges not predicted (False Negatives): 12

--- ORDER ANALYSIS---

Predicted Causal Order: [6, 9, 8, 3, 0, 1, 4, 5, 10, 11, 12, 7, 2]
True Causal Order: [12, 10, 4, 2, 0, 3, 1, 11, 9, 7, 5, 8, 6]
Number of wrongly ordered cause-effect pairs: 9

==================================================

--- SUMMARY MATRIX ---
(Represents the max causal effect across all lags after pruning)

[[0 0 0 1 0 0 0 0 0 0 0 0 0]
 [0 0 0 1 0 0 0 0 1 0 0 0 0]
 [1 1 0 1 1 0 1 1 1 0 0 0 1]
 [0 0 0 0 0 0 0 0 1 0 0 0 0]
 [0 1 0 0 0 0 1 0 0 0 0 0 0]
 [1 0 0 0 0 0 0 0 0 0 0 0 0]
 [0 0 0 0 0 0 0 0 0 0 0 0 0]
 [1 1 0 1 0 1 1 0 1 1 0 0 1]
 [0 0 0 0 0 0 1 0 0 1 0 0 0]
 [0 0 0 0 0 0 1 0 0 0 0 0 0]
 [0 0 0 1 0 0 0 0 0 0 0 0 0]
 [0 0 0 1 0 0 1 0 0 0 0 0 0]
 [0 1 0 1 0 0 1 0 1 1 1 1 0]]

==================================================

--- EFFECT SUMMARY MATRIX ---
(Represents the max causal effect across all lags before pruning)

0.000000,0.000000,0.000000,0.002008,0.000000,0.000000,0.000000,0.000000,0.000000,0.000000,0.000000,0.000000,0.000000
0.000000,0.000000,0.000000,0.298826,0.000000,0.000000,0.000000,0.000000,0.020973,0.000000,0.000000,0.000000,0.000000
6.999717,0.299242,0.000000,0.065258,0.000193,0.000000,0.109654,0.202395,0.057990,0.000000,0.000000,0.000000,0.028006
0.000000,0.000000,0.000000,0.000000,0.000000,0.000000,0.000000,0.000000,0.508178,0.000000,0.000000,0.000000,0.000000
0.000000,563.238516,0.000000,0.000000,0.000000,0.000000,23.295314,0.000000,0.000000,0.000000,0.000000,0.000000,0.000000
0.816002,0.000000,0.000000,0.000000,0.000000,0.000000,0.000000,0.000000,0.000000,0.000000,0.000000,0.000000,0.000000
0.000000,0.000000,0.000000,0.000000,0.000000,0.000000,0.000000,0.000000,0.000000,0.000000,0.000000,0.000000,0.000000
5.592936,0.140661,0.000000,0.060521,0.000000,1.757440,0.104815,0.000000,0.113616,0.000125,0.000000,0.000000,0.041005
0.000000,0.000000,0.000000,0.000000,0.000000,0.000000,1.852593,0.000000,0.000000,0.000486,0.000000,0.000000,0.000000
0.000000,0.000000,0.000000,0.000000,0.000000,0.000000,306.092901,0.000000,0.000000,0.000000,0.000000,0.000000,0.000000
0.000000,0.000000,0.000000,0.021302,0.000000,0.000000,0.000000,0.000000,0.000000,0.000000,0.000000,0.000000,0.000000
0.000000,0.000000,0.000000,0.074286,0.000000,0.000000,0.246614,0.000000,0.000000,0.000000,0.000000,0.000000,0.000000
0.000000,0.484927,0.000000,0.151984,0.000000,0.000000,0.323565,0.000000,0.443902,0.000485,1.202101,1.207100,0.000000
