--- METRICS AND THRESHOLDS ---

Best Lags: 5
Best Threshold (from F1-Max): 0.0000
Best Threshold (from Accuracy-Max): 36.3018

--- FINAL SCORES (after pruning with F1-Max threshold) ---

Final F1 Score after pruning: 0.1730
Final Accuracy after pruning: 0.9053
Final AUROC after pruning: 0.4594
--- EDGE ANALYSIS ---

Number of edges in ground truth (labels): 16.0
Number of correctly predicted edges (True Positives): 1
Number of correct non-edges (True Negatives): 131
Number of incorrectly predicted edges (False Positives): 22
Number of correct edges not predicted (False Negatives): 15

--- ORDER ANALYSIS---

Predicted Causal Order: [9, 4, 8, 0, 5, 1, 6, 3, 7, 2, 10, 11, 12]
True Causal Order: [12, 10, 4, 2, 0, 3, 1, 11, 9, 7, 5, 8, 6]
Number of wrongly ordered cause-effect pairs: 11

==================================================

--- SUMMARY MATRIX ---
(Represents the max causal effect across all lags after pruning)

[[0 0 0 0 0 0 0 0 0 0 0 0 0]
 [1 0 0 0 0 0 0 0 0 0 0 0 0]
 [0 1 0 0 0 0 0 0 0 0 0 0 0]
 [0 1 0 0 0 0 1 0 1 0 0 0 0]
 [0 0 0 0 0 0 0 0 0 1 0 0 0]
 [1 0 0 0 0 0 0 0 0 0 0 0 0]
 [1 1 0 0 0 1 0 0 1 0 0 0 0]
 [1 0 0 0 0 0 1 0 0 0 0 0 0]
 [0 0 0 0 0 0 0 0 0 0 0 0 0]
 [0 0 0 0 0 0 0 0 0 0 0 0 0]
 [0 0 0 0 0 0 0 0 0 0 0 0 0]
 [1 0 0 0 0 0 1 0 0 0 1 0 0]
 [1 1 0 0 0 0 1 1 1 0 1 1 0]]

==================================================

--- EFFECT SUMMARY MATRIX ---
(Represents the max causal effect across all lags before pruning)

0.000000,0.000000,0.000000,0.000000,0.000000,0.000000,0.000000,0.000000,0.000000,0.000000,0.000000,0.000000,0.000000
8.922921,0.000000,0.000000,0.000000,0.000208,0.000000,0.000000,0.000000,0.038416,0.000000,0.000000,0.000000,0.000000
0.000000,0.120336,0.000000,0.014742,0.000000,0.000000,0.000000,0.035913,0.017432,0.000000,0.000000,0.000000,0.000000
0.000000,1.596996,0.000000,0.000000,0.000419,0.000000,0.210690,0.000000,0.173568,0.000000,0.000000,0.000000,0.000000
0.000000,0.000000,0.000000,0.000000,0.000000,0.000000,0.000000,0.000000,0.000000,0.290759,0.000000,0.000000,0.000000
0.146586,0.000000,0.000000,0.000000,0.000000,0.000000,0.000000,0.000000,0.000000,0.000003,0.000000,0.000000,0.000000
15.518635,0.458900,0.000000,0.000000,0.000228,3.631962,0.000000,0.000000,0.225039,0.000168,0.000000,0.000000,0.000000
4.700140,0.000000,0.000000,0.000000,0.000000,0.000000,0.113347,0.000000,0.074587,0.000083,0.000000,0.000000,0.000000
0.000000,0.000000,0.000000,0.000000,0.000809,0.000000,0.000000,0.000000,0.000000,0.001037,0.000000,0.000000,0.000000
0.000000,0.000000,0.000000,0.000000,0.000000,0.000000,0.000000,0.000000,0.000000,0.000000,0.000000,0.000000,0.000000
0.000000,0.000000,0.000000,0.000000,0.000000,0.000000,0.000000,0.000000,0.000000,0.000000,0.000000,0.000000,0.000000
30.409797,0.000000,0.000000,0.000000,0.000000,0.000000,0.281987,0.000000,0.000000,0.000000,0.454809,0.000000,0.000000
36.301750,0.446173,0.000000,0.000000,0.000000,0.000000,0.389032,0.635329,0.376806,0.000000,1.080066,1.171778,0.000000
