--- METRICS AND THRESHOLDS ---

Best Lags: 5
Lasso Pruning Threshold: 0.0500

--- FINAL SCORES (after pruning with F1-Max threshold) ---

Final F1 Score after pruning: 0.1730
Final Accuracy after pruning: 0.9053
Final AUROC after pruning: 0.4105
--- EDGE ANALYSIS ---

Number of edges in ground truth (labels): 16.0
Number of correctly predicted edges (True Positives): 10
Number of correct non-edges (True Negatives): 30
Number of incorrectly predicted edges (False Positives): 123
Number of correct edges not predicted (False Negatives): 6

--- ORDER ANALYSIS---

Predicted Causal Order: [10, 3, 7, 9, 5, 11, 0, 1, 2, 4, 6, 8, 12]
True Causal Order: [12, 10, 4, 2, 0, 3, 1, 11, 9, 7, 5, 8, 6]
Number of wrongly ordered cause-effect pairs: 10

==================================================

--- SUMMARY MATRIX ---
(Represents the max causal effect across all lags after pruning)

[[1 1 1 1 1 1 1 1 1 1 1 1 1]
 [1 1 1 1 1 1 1 1 1 1 1 1 1]
 [1 1 1 1 1 1 1 1 1 1 0 1 1]
 [1 1 1 1 1 0 1 0 1 0 0 0 0]
 [1 1 1 1 1 0 1 1 1 1 0 1 1]
 [1 1 0 1 0 1 1 1 1 1 0 1 1]
 [1 1 1 1 1 1 1 1 1 1 1 1 1]
 [1 1 1 1 1 0 1 1 1 1 0 0 0]
 [1 1 1 1 1 1 1 1 1 1 0 1 1]
 [1 1 1 1 0 0 1 1 1 1 0 0 1]
 [0 0 0 0 0 0 0 0 1 0 1 0 0]
 [1 0 1 0 1 1 1 1 1 0 0 1 1]
 [1 1 1 1 1 1 1 1 1 1 1 1 1]]

==================================================

--- EFFECT SUMMARY MATRIX ---
(Represents the max causal effect across all lags before pruning)

1.538331,0.003057,0.006567,0.000870,0.000005,0.099630,0.003384,0.001396,0.000554,0.000003,0.000923,0.000344,0.000233
12.674139,0.752082,0.135246,0.263294,0.000152,0.552259,0.150889,0.071919,0.074643,0.000050,0.100703,0.021296,0.015144
0.771857,0.088691,1.465445,0.010488,0.000013,0.294631,0.005971,0.030781,0.008919,0.000013,0.000000,0.006570,0.005364
3.078559,1.733518,0.659085,0.818053,0.000387,0.000000,0.306493,0.000000,0.111054,0.000000,0.000000,0.000000,0.000000
17064.552259,313.879625,423.334841,112.814931,0.934738,0.000000,121.263752,103.018365,55.686006,0.260975,0.000000,28.979923,21.535332
0.177521,0.000281,0.000000,0.000246,0.000000,1.787257,0.000639,0.000337,0.000332,0.000005,0.000000,0.000668,0.000169
38.646551,0.430440,0.428865,0.095555,0.000191,5.135268,0.822588,0.034131,0.241253,0.000226,0.036012,0.023157,0.014972
0.370946,0.185942,0.013224,0.032058,0.000071,0.000000,0.085287,1.416803,0.048168,0.000034,0.000000,0.000000,0.000000
37.162898,0.471318,0.532022,0.115652,0.001010,1.601201,0.283892,0.102658,1.495591,0.000964,0.000000,0.115956,0.073546
1328.794553,34.692135,163.441086,16.063007,0.000000,0.000000,99.791182,111.392503,87.005268,0.895600,0.000000,0.000000,5.739367
0.000000,0.000000,0.000000,0.000000,0.000000,0.000000,0.000000,0.000000,0.003508,0.000000,0.785251,0.000000,0.000000
34.577742,0.000000,0.148848,0.000000,0.000050,25.174201,0.179398,0.072701,0.113616,0.000000,0.000000,0.840830,0.022797
61.971461,0.859212,2.563949,0.171644,0.000244,18.475085,0.734323,0.352356,0.455073,0.000832,0.972809,1.182134,0.723658
