--- METRICS ---

Number of edges in ground truth (label summary matrix): 16
Number of correctly predicted edges (True Positives): 5
Number of correct non-edges (True Negatives): 59
Number of incorrectly predicted edges (False Positives): 94
Number of correct edges not predicted (False Negatives): 11
Precision: 0.0505
Recall: 0.3125
F1 Score: 0.0870

--- ORDER ANALYSIS---

Predicted Causal Order: [9, 4, 8, 0, 5, 1, 6, 3, 7, 2, 10, 11, 12]
Number of wrongly ordered cause-effect pairs: 11
5 Wrongly ordered pairs in ground truth causal matrix:
    - Wrongly ordered: 2 -> 0 
    - Wrongly ordered: 3 -> 1 
    - Wrongly ordered: 10 -> 2 
    - Wrongly ordered: 10 -> 3 
    - Wrongly ordered: 10 -> 4 


==================================================

--- ESTIMATED SUMMARY MATRIX ---
(Represents the estimated causal effect across all lags after pruning)

1,0,0,0,0,1,0,0,0,0,0,0,0
1,1,1,1,0,1,1,1,0,0,0,0,0
1,1,1,0,0,1,0,0,0,0,0,0,0
1,1,1,1,0,1,1,1,1,0,0,0,0
1,1,1,1,1,1,1,1,1,1,1,1,1
1,0,0,0,0,1,0,0,0,0,0,0,0
1,1,1,1,0,1,1,1,1,0,1,0,0
1,1,0,0,0,1,1,1,0,0,0,0,0
1,1,1,1,0,1,1,1,1,0,1,1,1
1,1,1,1,1,1,1,1,1,1,1,1,1
1,0,1,0,0,1,0,0,0,0,1,0,0
1,1,1,1,0,1,1,1,1,0,1,1,0
1,1,1,1,0,1,1,1,1,0,1,1,1



==================================================

--- CONTINUOUS SUMMARY MATRIX ---
(Represents the max estimated causal effect across all lags before pruning)

1.396066,0.006972,0.003165,0.000778,0.000001,0.110999,0.001032,0.001092,0.001147,0.000001,0.000816,0.000414,0.000342
16.204747,0.781475,0.192342,0.226238,0.000208,4.566607,0.130356,0.169277,0.051466,0.000055,0.097882,0.021454,0.020993
3.294069,0.120336,1.421085,0.016840,0.000030,0.604070,0.026789,0.053927,0.017432,0.000016,0.021160,0.008114,0.005870
11.755077,1.635551,0.682527,0.901480,0.000419,6.031207,0.485615,0.338100,0.175879,0.000103,0.067320,0.067411,0.054228
8940.712886,355.291023,542.360193,114.208639,0.912501,5869.363370,240.974541,298.627360,82.063309,0.290759,27.054958,36.652738,26.141668
0.393161,0.001476,0.003518,0.000510,0.000001,1.679268,0.000788,0.001884,0.001366,0.000005,0.001209,0.000626,0.000402
36.544419,0.458900,0.547925,0.151236,0.000369,9.877678,0.956597,0.148853,0.225039,0.000310,0.114387,0.029944,0.018627
8.606385,0.209644,0.080641,0.070066,0.000065,1.567985,0.113347,1.414263,0.074587,0.000087,0.055011,0.020043,0.013426
54.367347,0.770970,0.851062,0.283556,0.000843,7.462879,0.389033,0.263378,1.556737,0.001037,0.262098,0.151403,0.102933
8283.844682,93.193055,539.217989,32.035165,0.102325,3069.750058,245.529104,363.035154,113.808020,0.920348,138.214115,53.379931,36.628127
5.905093,0.038764,0.190667,0.016126,0.000018,3.945848,0.051296,0.060987,0.022514,0.000040,0.836283,0.008395,0.008201
38.780422,0.323972,1.823247,0.131586,0.000232,25.531536,0.281987,0.434076,0.273855,0.000111,0.454809,0.930881,0.070876
68.791245,0.690656,1.935106,0.136704,0.000593,34.492088,0.877366,0.635329,0.609770,0.000707,1.080066,1.171778,0.759592
